2024-10-01 00:03:39,5,75,13.9,74,13,1002.6,994,2,3.1,12,327.3,0
2024-10-01 00:08:39,5,75,13.9,74,13,1002.5,993.9,1,1.4,4,327.3,0
2024-10-01 00:13:39,5,75,13.9,74,13,1002.6,994,2.4,3.4,14,327.3,0
2024-10-01 00:18:39,5,75,13.9,74,13,1002.7,994.1,2,3.1,4,327.3,0
2024-10-01 00:23:39,5,75,13.9,74,13,1002.7,994.1,2.4,3.4,4,327.3,0
2024-10-01 00:28:39,5,75,13.8,74,13,1002.7,994.1,1.7,2.4,13,327.3,0
2024-10-01 00:33:39,5,75,13.8,74,12.9,1002.9,994.3,1.4,2.7,0,327.3,0
2024-10-01 00:38:39,5,75,13.8,74,12.9,1003,994.4,1.7,2.7,3,327.3,0
2024-10-01 00:43:39,5,75,13.8,74,12.9,1002.9,994.3,1,1.7,4,327.3,0
2024-10-01 00:48:39,5,75,13.8,74,12.8,1002.8,994.2,0.7,1,2,327.3,0
2024-10-01 00:53:39,5,75,13.7,75,12.8,1002.8,994.2,1,1.7,14,327.3,0
2024-10-01 00:58:39,5,75,13.7,75,12.8,1003.1,994.5,1.4,2.4,2,327.3,0
2024-10-01 01:03:39,5,75,13.7,75,12.7,1003.3,994.7,1,1.7,2,327.3,0
2024-10-01 01:08:39,5,75,13.7,75,12.7,1003,994.4,1,2.4,2,327.3,0
2024-10-01 01:13:39,5,75,13.7,75,12.7,1003.3,994.7,0.7,1,4,327.3,0
2024-10-01 01:18:39,5,75,13.7,75,12.6,1003.3,994.7,1.4,2.4,2,327.3,0
2024-10-01 01:23:39,5,75,13.7,75,12.6,1003.3,994.7,1,1.4,4,327.3,0
2024-10-01 01:28:39,5,75,13.7,75,12.6,1003.2,994.6,0.7,1,12,327.3,0
2024-10-01 01:33:39,5,75,13.6,76,12.6,1003.3,994.7,1,1.7,4,327.3,0
2024-10-01 01:38:39,5,75,13.6,75,12.6,1003.3,994.7,1,1.7,13,327.3,0
2024-10-01 01:43:39,5,75,13.6,75,12.6,1003.2,994.6,1,1.4,6,327.3,0
2024-10-01 01:48:39,5,75,13.6,75,12.6,1003.3,994.7,1.4,1.7,0,327.3,0
2024-10-01 01:53:39,5,75,13.6,75,12.6,1003.3,994.7,2,4.4,6,327.3,0
2024-10-01 01:58:39,5,75,13.6,75,12.6,1003.6,995,1,1.4,0,327.3,0
2024-10-01 02:03:39,5,75,13.6,75,12.6,1003.3,994.7,1,1.7,2,327.3,0
2024-10-01 02:08:39,5,75,13.5,75,12.5,1003.3,994.7,1.7,2.7,14,327.3,0
2024-10-01 02:13:39,5,75,13.5,75,12.5,1003.5,994.9,1.4,2,2,327.3,0
2024-10-01 02:18:39,5,75,13.5,75,12.5,1003.6,995,1.4,2,2,327.3,0
2024-10-01 02:23:39,5,75,13.5,76,12.5,1003.4,994.8,1.4,1.7,4,327.3,0
2024-10-01 02:28:39,5,75,13.5,76,12.5,1003.4,994.8,1.7,2.7,8,327.3,0
2024-10-01 02:33:39,5,75,13.5,76,12.5,1003.4,994.8,1.7,2.4,0,327.3,0
2024-10-01 02:38:39,5,75,13.5,76,12.5,1003.2,994.6,0.7,1.4,2,327.3,0
2024-10-01 02:43:39,5,75,13.5,76,12.5,1003.2,994.6,1,1.4,0,327.3,0
2024-10-01 02:48:39,5,75,13.5,76,12.5,1003.5,994.9,1,1.7,2,327.3,0
2024-10-01 02:53:39,5,75,13.5,76,12.5,1003.5,994.9,1,1.4,3,327.3,0
2024-10-01 02:58:41,5,75,13.5,76,12.5,1003.5,994.9,1.4,2,6,327.3,0
2024-10-01 03:03:43,5,75,13.5,76,12.5,1003.5,994.9,1.4,2,4,327.3,0
2024-10-01 03:08:40,5,75,13.5,77,12.5,1003.5,994.9,1.7,2.7,0,327.3,0
2024-10-01 03:13:40,5,75,13.5,77,12.5,1003.3,994.7,1,1.7,14,327.3,0
2024-10-01 03:18:40,5,75,13.5,77,12.5,1003.3,994.7,1,1.4,1,327.3,0
2024-10-01 03:23:40,5,75,13.5,77,12.6,1003.5,994.9,1.4,2,0,327.3,0
2024-10-01 03:28:40,5,76,13.5,77,12.6,1003.6,995,1,1.4,2,327.3,0
2024-10-01 03:33:40,5,76,13.5,77,12.6,1003.5,994.9,1,1.4,2,327.3,0
2024-10-01 03:38:40,5,76,13.5,77,12.6,1003.5,994.9,0.3,0.7,4,327.3,0
2024-10-01 03:43:40,5,76,13.5,78,12.6,1003.5,994.9,1,1.4,14,327.3,0
2024-10-01 03:48:40,5,76,13.5,78,12.6,1003.4,994.8,0.3,0.7,8,327.3,0
2024-10-01 03:53:40,5,76,13.5,78,12.6,1003.5,994.9,1,1.7,14,327.3,0
2024-10-01 03:58:40,5,76,13.5,78,12.6,1003.6,995,1,1.4,15,327.3,0
2024-10-01 04:03:40,5,76,13.5,78,12.6,1003.7,995.1,0.7,1.4,0,327.3,0
2024-10-01 04:08:40,5,76,13.5,79,12.6,1003.5,994.9,1,1.4,2,327.3,0
2024-10-01 04:13:40,5,76,13.5,79,12.6,1003.6,995,0.3,1,2,327.3,0
2024-10-01 04:18:40,5,76,13.5,79,12.6,1003.4,994.8,1,1.7,2,327.3,0
2024-10-01 04:23:40,5,76,13.5,79,12.6,1003.6,995,0.7,1,2,327.3,0
2024-10-01 04:28:40,5,76,13.5,79,12.7,1003.6,995,0.7,1,2,327.3,0
2024-10-01 04:33:40,5,76,13.5,79,12.7,1003.8,995.2,1,1.4,4,327.3,0
2024-10-01 04:38:40,5,76,13.5,80,12.7,1003.6,995,0.7,1,2,327.3,0
2024-10-01 04:43:40,5,76,13.5,80,12.7,1003.7,995.1,0.3,0.7,4,327.3,0
2024-10-01 04:48:40,5,76,13.5,79,12.7,1003.9,995.3,0.7,1,2,327.3,0
2024-10-01 04:53:40,5,76,13.5,79,12.7,1003.6,995,0.3,0.7,2,327.3,0
2024-10-01 04:58:40,5,76,13.5,79,12.7,1003.6,995,0.7,1.4,4,327.3,0
2024-10-01 05:03:40,5,76,13.5,80,12.7,1003.5,994.9,1.4,1.7,0,327.3,0
2024-10-01 05:08:40,5,76,13.5,80,12.7,1004,995.4,1,1.4,12,327.3,0
2024-10-01 05:13:40,5,77,13.5,80,12.7,1003.8,995.2,1.4,2,1,327.3,0
2024-10-01 05:18:40,5,77,13.5,80,12.7,1003.9,995.3,1,1.4,2,327.3,0
2024-10-01 05:23:40,5,77,13.5,80,12.7,1003.8,995.2,0.7,1,2,327.3,0
2024-10-01 05:28:40,5,77,13.5,80,12.7,1004,995.4,0.7,1,8,327.3,0
2024-10-01 05:33:40,5,77,13.5,80,12.7,1003.7,995.1,1,2.4,8,327.3,0
2024-10-01 05:38:40,5,77,13.5,80,12.7,1004,995.4,1,1.4,6,327.3,0
2024-10-01 05:43:40,5,77,13.6,80,12.7,1003.8,995.2,0.3,0.7,2,327.3,0
2024-10-01 05:48:40,5,77,13.6,80,12.7,1004,995.4,0.7,1,2,327.3,0
2024-10-01 05:53:40,5,77,13.6,80,12.7,1004,995.4,1,1.4,2,327.3,0
2024-10-01 05:58:40,5,77,13.6,80,12.7,1003.8,995.2,0.7,1.4,0,327.3,0
2024-10-01 06:03:40,5,77,13.6,80,12.7,1003.7,995.1,0.7,1,4,327.3,0
2024-10-01 06:08:40,5,77,13.6,80,12.7,1004,995.4,1.4,1.7,8,327.3,0
2024-10-01 06:13:40,5,77,13.6,80,12.6,1003.8,995.2,0.7,1,4,327.3,0
2024-10-01 06:18:40,5,77,13.6,81,12.6,1003.8,995.2,0.3,0.7,2,327.3,0
2024-10-01 06:23:40,5,77,13.6,81,12.6,1004.1,995.5,1.4,1.7,2,327.3,0
2024-10-01 06:28:40,5,77,13.6,81,12.5,1004,995.4,1,1.7,0,327.3,0
2024-10-01 06:33:40,5,77,13.5,82,12.5,1003.8,995.2,1,1.7,0,327.3,0
2024-10-01 06:38:40,5,77,13.5,82,12.5,1003.9,995.3,0.3,1,0,327.3,0
2024-10-01 06:43:40,5,78,13.5,82,12.5,1003.7,995.1,0.7,1.4,4,327.3,0
2024-10-01 06:48:40,5,78,13.5,82,12.6,1003.8,995.2,1,1.7,4,327.3,0
2024-10-01 06:53:40,5,78,13.5,82,12.6,1003.9,995.3,1.4,2,0,327.3,0
2024-10-01 06:58:40,5,78,13.5,82,12.6,1003.9,995.3,1,1.4,2,327.3,0
2024-10-01 07:03:40,5,78,13.5,81,12.7,1003.6,995,1,1.4,3,327.3,0
2024-10-01 07:08:40,5,78,13.5,81,12.7,1003.8,995.2,0.7,1.7,12,327.3,0
2024-10-01 07:13:40,5,78,13.5,81,12.8,1003.8,995.2,1.4,2.4,4,327.3,0
2024-10-01 07:18:40,5,78,13.6,81,12.9,1004,995.4,1.4,1.7,2,327.3,0
2024-10-01 07:23:40,5,78,13.6,80,13,1004.1,995.5,1,1.7,9,327.3,0
2024-10-01 07:28:40,5,78,13.6,80,13,1004,995.4,1,1.7,6,327.3,0
2024-10-01 07:33:40,5,78,13.6,80,13.1,1004.1,995.5,1.4,2,4,327.3,0
2024-10-01 07:38:40,5,78,13.6,80,13.1,1004.1,995.5,1.4,2,2,327.3,0
2024-10-01 07:43:40,5,78,13.7,79,13.1,1004.1,995.5,1.4,1.7,6,327.3,0
2024-10-01 07:48:40,5,78,13.7,79,13.1,1004.2,995.6,1,1.7,4,327.3,0
2024-10-01 07:53:40,5,78,13.7,79,13.2,1004.1,995.5,1,2,0,327.3,0
2024-10-01 07:58:40,5,78,13.7,79,13.1,1004,995.4,0.7,1.4,4,327.3,0
2024-10-01 08:03:40,5,78,13.8,78,13.2,1003.9,995.3,0.3,0.7,4,327.3,0
2024-10-01 08:08:40,5,78,13.8,78,13.2,1004.1,995.5,0.7,1,2,327.3,0
2024-10-01 08:13:40,5,78,13.8,78,13.1,1004.2,995.6,1.7,2.4,8,327.3,0
2024-10-01 08:18:40,5,78,13.9,78,13.1,1003.9,995.3,0.7,1.4,2,327.3,0
2024-10-01 08:23:40,5,78,13.9,78,13.1,1003.9,995.3,1,1.7,2,327.3,0
2024-10-01 08:28:40,5,78,13.9,78,13.1,1004,995.4,1,2,6,327.3,0
2024-10-01 08:33:40,5,78,13.9,78,13.1,1004.2,995.6,1.4,2,1,327.3,0
2024-10-01 08:38:40,5,78,13.9,78,13.2,1004.2,995.6,1,2,2,327.3,0
2024-10-01 08:43:40,5,78,13.9,78,13.3,1004,995.4,1.4,1.7,8,327.3,0
2024-10-01 08:48:40,5,77,14,78,13.2,1004.1,995.5,2,2.7,2,327.3,0
2024-10-01 08:53:40,5,77,14,79,13.2,1004,995.4,1.4,2.4,4,327.3,0
2024-10-01 08:58:40,5,77,14,80,13.2,1004,995.4,0.7,1,15,327.3,0
2024-10-01 09:03:40,5,78,14.1,81,13.2,1003.9,995.3,1,1.7,2,327.3,0
2024-10-01 09:08:40,5,78,14.1,81,13.2,1004.2,995.6,1,1.4,14,327.3,0
2024-10-01 09:13:40,5,78,14.1,82,13.1,1003.9,995.3,1.4,1.7,14,327.6,0
2024-10-01 09:18:40,5,78,14.1,82,13,1004,995.4,0.7,1.4,2,327.6,0
2024-10-01 09:23:40,5,78,14.2,83,13,1003.9,995.3,1.4,2.7,2,327.6,0
2024-10-01 09:28:40,5,78,14.2,83,13.1,1003.9,995.3,0.7,1,7,327.6,0
2024-10-01 09:33:40,5,78,14.2,84,13.1,1004,995.4,1,1.7,3,327.6,0
2024-10-01 09:38:40,5,79,14.2,84,13.1,1004.1,995.5,0.3,0.7,2,327.6,0
2024-10-01 09:43:40,5,79,14.2,84,13,1003.8,995.2,0.7,1,0,327.6,0
2024-10-01 09:48:40,5,79,14.2,84,13,1003.9,995.3,0.7,1.4,2,327.9,0
2024-10-01 09:53:40,5,79,14.2,84,12.9,1004,995.4,0.7,1.4,4,327.9,0
2024-10-01 09:58:40,5,79,14.2,85,12.8,1003.6,995,1,2,10,327.9,0
2024-10-01 10:03:40,5,79,14.3,85,12.8,1003.6,995,1.7,2.4,6,327.9,0
2024-10-01 10:08:40,5,79,14.2,85,12.7,1003.7,995.1,1,1.7,0,327.9,0
2024-10-01 10:13:40,5,79,14.2,86,12.7,1003.6,995,1.4,1.7,2,327.9,0
2024-10-01 10:18:40,5,79,14.2,86,12.7,1003.6,995,0.7,1,2,327.9,0
2024-10-01 10:23:40,5,79,14.2,86,12.7,1003.8,995.2,1.4,2,4,327.9,0
2024-10-01 10:28:40,5,79,14.2,86,12.7,1003.7,995.1,0.7,1,6,327.9,0
2024-10-01 10:33:40,5,79,14.2,87,12.7,1003.7,995.1,1.4,2,4,327.9,0
2024-10-01 10:38:40,5,79,14.2,87,12.8,1003.8,995.2,1.4,2.4,2,327.9,0
2024-10-01 10:43:40,5,79,14.2,87,12.8,1003.4,994.8,1,1.4,4,327.9,0
2024-10-01 10:48:40,5,79,14.1,87,12.8,1003.7,995.1,1,1.7,14,327.9,0
2024-10-01 10:53:40,5,79,14.1,87,12.9,1003.5,994.9,1,1.4,2,327.9,0
2024-10-01 10:58:40,5,79,14.1,87,13,1003.6,995,1.4,1.7,4,327.9,0
2024-10-01 11:03:40,5,79,14.1,86,13,1003.2,994.6,1,1.4,14,327.9,0
2024-10-01 11:08:40,5,79,14.2,86,13.1,1003.6,995,1,2.4,8,327.9,0
2024-10-01 11:13:40,5,80,14.2,86,13.2,1003.5,994.9,1,1.4,2,327.9,0
2024-10-01 11:18:40,5,80,14.2,85,13.2,1003.2,994.6,1,1.7,0,327.9,0
2024-10-01 11:23:40,5,80,14.2,85,13.3,1003.2,994.6,0.7,1,4,327.9,0
2024-10-01 11:28:40,5,80,14.2,85,13.3,1002.9,994.3,1,2,4,327.9,0
2024-10-01 11:33:40,5,80,14.3,85,13.3,1003.3,994.7,1.4,2,13,327.9,0
2024-10-01 11:38:40,5,80,14.3,85,13.3,1003.3,994.7,1.4,2,13,327.9,0
2024-10-01 11:43:40,5,80,14.4,,,1003.1,994.5,,,,327.9,64
2024-10-01 11:48:40,5,80,14.4,84,13.5,1003.2,994.6,1,1.4,0,327.9,0
2024-10-01 11:53:40,5,80,14.4,84,13.6,1002.9,994.3,1.4,2,2,327.9,0
2024-10-01 11:58:40,5,80,14.4,83,13.6,1003.1,994.5,0.7,0.7,8,327.9,0
2024-10-01 12:03:40,5,80,14.5,83,13.8,1003,994.4,1,1.4,0,327.9,0
2024-10-01 12:08:40,5,80,14.5,83,13.9,1002.9,994.3,1,1.4,0,327.9,0
2024-10-01 12:13:40,5,80,14.5,83,14.2,1002.9,994.3,1,1.7,8,327.9,0
2024-10-01 12:18:40,5,81,14.6,82,14.9,1003,994.4,1.4,2,4,327.9,0
2024-10-01 12:23:40,5,81,14.7,82,15.1,1002.8,994.2,1,1.7,0,327.9,0
2024-10-01 12:28:40,5,81,14.7,,,1002.8,994.2,,,,327.9,64
2024-10-01 12:33:40,5,81,14.9,75,15.8,1002.4,993.8,2.4,3.4,14,327.9,0
2024-10-01 12:38:40,5,80,15,75,15.5,1002.4,993.8,1.4,1.7,4,327.9,0
2024-10-01 12:43:40,5,80,15.1,76,15.3,1002.5,993.9,1,1.7,4,327.9,0
2024-10-01 12:48:40,5,80,15.2,76,15.1,1002.3,993.7,0.7,1,8,327.9,0
2024-10-01 12:53:40,5,80,15.2,77,15.1,1002.4,993.8,0.7,1,0,327.9,0
2024-10-01 12:58:40,5,80,15.2,76,14.9,1002.2,993.6,1.7,2.7,4,327.9,0
2024-10-01 13:03:40,5,79,15.2,77,14.8,1002.2,993.6,1,1.7,12,327.9,0
2024-10-01 13:08:40,5,79,15.2,78,14.9,1002.1,993.5,1.4,2.7,2,327.9,0
2024-10-01 13:13:40,5,79,15.2,78,14.9,1001.9,993.3,1,1.7,4,327.9,0
2024-10-01 13:18:40,5,79,15.2,78,14.6,1002,993.4,2,2.4,4,327.9,0
2024-10-01 13:23:40,5,78,15.2,78,14.4,1002,993.4,1.4,1.7,2,327.9,0
2024-10-01 13:28:40,5,78,15.2,79,14.2,1001.7,993.1,0.7,1,2,327.9,0
2024-10-01 13:33:40,5,77,15.2,80,14.1,1001.7,993.1,1,1.7,0,327.9,0
2024-10-01 13:38:40,5,77,15.2,80,14,1001.7,993.1,1,1.7,2,327.9,0
2024-10-01 13:43:40,5,77,15.2,81,13.8,1001.4,992.8,1.4,2,2,328.2,0
2024-10-01 13:48:40,5,77,15.2,81,13.7,1001.5,992.9,1,1.7,14,328.2,0
2024-10-01 13:53:40,5,77,15.2,82,13.6,1001.3,992.7,0.7,1.4,1,328.5,0
2024-10-01 13:58:40,5,77,15.2,83,13.5,1001.3,992.7,1.7,2.7,4,328.5,0
2024-10-01 14:03:40,5,77,15.2,83,13.4,1001.4,992.8,1.7,2.7,2,328.5,0
2024-10-01 14:08:40,5,77,15.2,84,13.3,1001.2,992.6,1.7,2.4,2,328.8,0
2024-10-01 14:13:40,5,77,15.2,85,13.2,1001.2,992.6,1.4,2.7,0,329.1,0
2024-10-01 14:18:40,5,77,15.1,85,13.2,1001,992.4,0.7,1,0,329.1,0
2024-10-01 14:23:40,5,77,15.1,86,13.1,1001,992.4,1,1.7,0,329.4,0
2024-10-01 14:28:40,5,77,15,87,13.1,1000.9,992.3,0.7,1.4,8,330,0
2024-10-01 14:33:40,5,77,15,88,13,1000.8,992.2,1,1.7,1,330.3,0
2024-10-01 14:38:40,5,78,15,88,13,1000.9,992.3,1.4,1.7,2,330.6,0
2024-10-01 14:43:40,5,78,15,89,13,1000.7,992.1,1,1.7,2,331.2,0
2024-10-01 14:48:40,5,79,14.9,89,12.9,1000.6,992,0.7,1,2,332.1,0
2024-10-01 14:53:40,5,79,14.9,90,12.9,1000.7,992.1,0.7,2,0,332.4,0
2024-10-01 14:58:40,5,79,14.9,90,12.8,1000.6,992,1,1.4,12,333,0
2024-10-01 15:03:40,5,79,14.8,90,12.8,1000.4,991.8,1.4,2.4,0,333.6,0
2024-10-01 15:08:40,5,79,14.8,91,12.7,1000.6,992,0.3,1,2,334.2,0
2024-10-01 15:13:40,5,79,14.8,91,12.7,1000.4,991.8,0.7,1,2,334.5,0
2024-10-01 15:18:40,5,79,14.7,91,12.7,1000.4,991.8,0.7,1,4,335.1,0
2024-10-01 15:23:40,5,79,14.7,91,12.7,999.9,991.3,0.3,0.7,2,335.7,0
2024-10-01 15:28:40,5,80,14.7,92,12.7,1000,991.4,1,1.4,8,336,0
2024-10-01 15:33:40,5,80,14.7,92,12.7,1000,991.4,0.7,1,0,336.3,0
2024-10-01 15:38:40,5,80,14.6,92,12.8,1000,991.4,1.4,2,1,336.6,0
2024-10-01 15:43:40,5,80,14.6,92,12.8,1000.1,991.5,1.4,2.4,10,336.6,0
2024-10-01 15:48:40,5,80,14.6,93,12.9,1000.2,991.6,2,2.4,0,337.2,0
2024-10-01 15:53:40,5,80,14.6,93,13,1000.2,991.6,0,0.7,2,337.5,0
2024-10-01 15:58:40,5,81,14.5,93,13,1000.2,991.6,1.4,1.7,10,337.8,0
2024-10-01 16:03:40,5,81,14.5,93,13.1,1000,991.4,0.7,1,4,337.8,0
2024-10-01 16:08:40,5,81,14.5,94,13.2,1000.1,991.5,1.4,2,2,338.1,0
2024-10-01 16:13:40,5,81,14.5,94,13.3,1000.1,991.5,1,1.4,14,338.1,0
2024-10-01 16:18:40,5,81,14.5,94,13.3,1000.3,991.7,0.7,1,6,338.1,0
2024-10-01 16:23:40,5,81,14.5,94,13.3,1000.5,991.9,1,1.4,2,338.1,0
2024-10-01 16:28:40,5,82,14.5,95,13.4,1000.3,991.7,1,1.4,4,338.1,0
2024-10-01 16:33:40,5,82,14.5,95,13.4,1000.3,991.7,0.7,1.7,4,338.1,0
2024-10-01 16:38:40,5,82,14.5,95,13.5,1000.4,991.8,1.7,2.4,0,338.1,0
2024-10-01 16:43:40,5,82,14.6,95,13.5,1000.5,991.9,0.7,1,14,338.1,0
2024-10-01 16:48:40,5,82,14.6,95,13.6,1000.5,991.9,1,1.7,2,338.1,0
2024-10-01 16:53:40,5,82,14.6,96,13.6,1000.5,991.9,0.3,0.7,4,338.4,0
2024-10-01 16:58:40,5,83,14.6,96,13.7,1000.5,991.9,0.7,1,0,338.4,0
2024-10-01 17:03:40,5,83,14.6,96,13.8,1000.8,992.2,1.4,2.4,0,338.4,0
2024-10-01 17:08:40,5,83,14.6,96,13.8,1000.7,992.1,1,1.4,4,338.4,0
2024-10-01 17:13:40,5,83,14.6,96,13.8,1000.9,992.3,1,1.7,1,338.4,0
2024-10-01 17:18:40,5,84,14.6,96,13.9,1001,992.4,1.4,1.7,14,338.4,0
2024-10-01 17:23:40,5,84,14.6,96,13.9,1001,992.4,3.1,4.1,14,338.4,0
2024-10-01 17:28:40,5,84,14.7,97,13.9,1001.2,992.6,1.4,2,0,338.7,0
2024-10-01 17:33:40,5,84,14.7,97,13.9,1001.1,992.5,0.7,1.4,0,338.7,0
2024-10-01 17:38:40,5,84,14.7,97,13.9,1001.2,992.6,1,2,13,339,0
2024-10-01 17:43:40,5,84,14.7,97,13.9,1001.3,992.7,1.4,2,0,339.3,0
2024-10-01 17:48:40,5,84,14.7,97,13.9,1001.2,992.6,1,1.4,2,339.3,0
2024-10-01 17:53:40,5,84,14.7,97,13.9,1001.4,992.8,1,1.4,15,339.3,0
2024-10-01 17:58:40,5,84,14.7,97,13.9,1001.2,992.6,0.7,1.4,14,339.3,0
2024-10-01 18:03:40,5,84,14.7,97,13.9,1001.3,992.7,0.7,1.4,15,339.3,0
2024-10-01 18:08:40,5,84,14.7,97,13.8,1001.3,992.7,1.4,1.7,2,339.3,0
2024-10-01 18:13:40,5,84,14.7,97,13.8,1001.5,992.9,1.7,2.4,0,339.3,0
2024-10-01 18:18:40,5,84,14.7,97,13.8,1001.3,992.7,1,2,2,339.3,0
2024-10-01 18:23:40,5,85,14.7,97,13.8,1001.4,992.8,0.7,1,0,339.3,0
2024-10-01 18:28:40,5,85,14.7,97,13.8,1001.6,993,0.3,1,0,339.3,0
2024-10-01 18:33:40,5,85,14.7,97,13.8,1001.5,992.9,0.7,1.4,15,339.3,0
2024-10-01 18:38:40,5,85,14.7,97,13.8,1001.9,993.3,0.7,1.4,1,339.3,0
2024-10-01 18:43:40,5,84,14.7,97,13.8,1001.6,993,1.7,3.1,0,339.3,0
2024-10-01 18:48:40,5,85,14.7,97,13.8,1001.8,993.2,1.4,2,2,339.3,0
2024-10-01 18:53:40,5,85,14.7,97,13.8,1001.9,993.3,1.7,2.4,0,339.3,0
2024-10-01 18:58:40,5,85,14.7,97,13.8,1002,993.4,2,3.7,0,339.3,0
2024-10-01 19:03:40,5,85,14.7,97,13.8,1002.1,993.5,1,1.4,2,339.3,0
2024-10-01 19:08:40,5,85,14.7,97,13.7,1001.8,993.2,0.7,1.4,2,339.3,0
2024-10-01 19:13:40,5,85,14.7,97,13.7,1002.1,993.5,1.7,2.4,2,339.3,0
2024-10-01 19:18:40,5,85,14.7,97,13.7,1002,993.4,1,1.7,8,339.3,0
2024-10-01 19:23:40,5,85,14.7,97,13.8,1001.9,993.3,1,1.4,0,339.3,0
2024-10-01 19:28:40,5,85,14.7,97,13.8,1002.3,993.7,1,1.7,15,339.3,0
2024-10-01 19:33:40,5,85,14.7,97,13.8,1002.1,993.5,1.4,1.7,14,339.3,0
2024-10-01 19:38:40,5,85,14.7,97,13.8,1001.9,993.3,0.7,1,15,339.3,0
2024-10-01 19:44:40,6,85,14.7,96,13.7,1002.3,993.7,1,1.7,2,339.3,0
2024-10-01 19:49:40,5,84,14.7,96,13.8,1002.2,993.6,1.4,2.4,2,339.3,0
2024-10-01 19:54:40,5,84,14.7,96,13.8,1002.2,993.6,1.4,2.4,2,339.3,0
2024-10-01 19:59:40,5,84,14.7,96,13.7,1002.4,993.8,1,1.7,2,339.3,0
2024-10-01 20:04:40,5,84,14.7,95,13.7,1002.3,993.7,1.4,2.4,1,339.3,0
2024-10-01 20:09:40,5,84,14.7,95,13.7,1002.2,993.6,1.4,2.4,14,339.3,0
2024-10-01 20:14:40,5,84,14.7,95,13.7,1002.3,993.7,1,2,12,339.3,0
2024-10-01 20:20:40,6,84,14.7,94,13.7,1002.2,993.6,1.7,2.4,0,339.3,0
2024-10-01 20:25:40,5,84,14.7,94,13.7,1002.3,993.7,1,1.4,0,339.3,0
2024-10-01 20:30:40,5,84,14.6,93,13.6,1002.5,993.9,1,1.4,2,339.3,0
2024-10-01 20:35:40,5,84,14.6,93,13.6,1002.3,993.7,0.7,1,6,339.3,0
2024-10-01 20:40:40,5,84,14.6,93,13.6,1002.6,994,1.4,2,0,339.3,0
2024-10-01 20:45:40,5,84,14.6,93,13.7,1002.4,993.8,0,0.3,2,339.3,0
2024-10-01 20:50:40,5,84,14.6,93,13.7,1002.5,993.9,1.4,1.7,14,339.3,0
2024-10-01 20:55:40,5,84,14.6,93,13.8,1002.5,993.9,1.4,1.7,0,339.3,0
2024-10-01 21:00:40,5,84,14.6,93,13.8,1002.5,993.9,1,1.7,2,339.3,0
2024-10-01 21:05:40,5,84,14.6,92,13.8,1002.8,994.2,1.4,2,1,339.3,0
2024-10-01 21:10:40,5,84,14.6,92,13.8,1002.7,994.1,1,1.4,2,339.3,0
2024-10-01 21:15:40,5,84,14.6,92,13.9,1002.7,994.1,0.7,1,2,339.3,0
2024-10-01 21:20:40,5,84,14.6,92,13.9,1002.7,994.1,1,1.4,0,339.3,0
2024-10-01 21:25:40,5,84,14.6,92,13.9,1002.9,994.3,1.7,2.4,2,339.3,0
2024-10-01 21:30:40,5,84,14.6,92,13.9,1002.7,994.1,1.4,2.4,0,339.3,0
2024-10-01 21:35:40,5,84,14.6,92,13.9,1002.8,994.2,1.4,2.4,0,339.3,0
2024-10-01 21:40:40,5,84,14.6,,,1002.9,994.3,,,,339.3,64
2024-10-01 21:45:40,5,84,14.6,91,14,1002.7,994.1,1.7,2.4,1,339.3,0
2024-10-01 21:50:40,5,84,14.6,90,14,1002.8,994.2,1.4,2,13,339.3,0
2024-10-01 21:55:40,5,84,14.6,90,14,1002.7,994.1,1.4,2.7,2,339.3,0
2024-10-01 22:00:41,5,84,14.6,89,14,1002.8,994.2,1.7,2.4,14,339.3,0
2024-10-01 22:05:41,5,84,14.6,89,14.1,1002.7,994.1,1.4,2,0,339.3,0
2024-10-01 22:10:41,5,84,14.6,88,14.1,1002.7,994.1,1.7,2.4,10,339.3,0
2024-10-01 22:15:41,5,84,14.6,87,14.1,1002.7,994.1,1.7,2.7,8,339.3,0
2024-10-01 22:20:41,5,84,14.6,86,14.1,1002.8,994.2,1.7,2.7,14,339.3,0
2024-10-01 22:25:41,5,84,14.6,86,14.2,1002.8,994.2,2,3.4,0,339.3,0
2024-10-01 22:30:41,5,84,14.6,86,14.2,1002.8,994.2,1.7,2.4,2,339.3,0
2024-10-01 22:35:41,5,84,14.6,85,14.1,1002.7,994.1,2,2.7,0,339.3,0
2024-10-01 22:40:41,5,84,14.6,86,14,1002.7,994.1,2.7,3.4,0,339.3,0
2024-10-01 22:45:41,5,84,14.6,86,13.9,1002.9,994.3,1.4,1.7,4,339.3,0
2024-10-01 22:50:41,5,84,14.6,87,13.9,1002.8,994.2,2,2.7,0,339.3,0
2024-10-01 22:55:41,5,84,14.6,87,13.9,1002.8,994.2,2,2.7,0,339.3,0
2024-10-01 23:00:41,5,84,14.6,,,1003.1,994.5,,,,339.3,64
2024-10-01 23:05:41,5,84,14.6,,,1003,994.4,,,,339.3,64
2024-10-01 23:10:41,5,84,14.6,,,1002.9,994.3,,,,339.3,64
2024-10-01 23:15:41,5,84,14.6,,,1003,994.4,,,,339.3,64
2024-10-01 23:20:41,5,84,14.6,,,1002.9,994.3,,,,339.3,64
2024-10-01 23:25:41,5,84,14.6,,,1003.1,994.5,,,,339.3,64
2024-10-01 23:30:41,5,84,14.6,90,13.9,1003.3,994.7,2.4,3.1,2,339.3,0
2024-10-01 23:35:41,5,84,14.6,90,13.9,1003.3,994.7,2.4,3.1,2,339.3,0
2024-10-01 23:40:41,5,84,14.6,,,1003.4,994.8,,,,339.3,64
2024-10-01 23:45:41,5,84,14.6,90,13.8,1003.4,994.8,2.7,3.7,14,339.3,0
2024-10-01 23:50:41,5,84,14.6,90,13.8,1003.3,994.7,2.7,3.7,14,339.3,0
2024-10-01 23:55:41,5,85,14.6,91,13.8,1003.4,994.8,2.4,3.4,14,339.3,0
