0,0,0,0
1,0,0,0
2,0,0,0
3,0,0,0
4,0,0,0
5,0,0,0
6,0,0,0
7,0,0,0
8,0,0,0
9,0,0,0
10,0,0,0
11,0,0,0
12,0,0,0
13,0,0,0
14,0,0,0
15,0,0,0
16,0,0,0
17,0,0,0
18,0,0,0
19,0,0,0
20,0,0,0
21,0,0,0
22,0,0,0
23,0,0,0
24,0,0,0
25,0,0,0
26,0,0,0
27,0,0,0
28,0,0,0
29,0,0,0
30,0,0,0
31,0,0,0
32,0,0,0
33,0,0,0
34,0,0,0
35,0,0,0
36,0,0,0
37,0,0,0
38,0,0,0
39,0,0,0
40,0,0,0
41,0,0,0
42,0,0,0
43,0,0,0
44,0,0,0
45,0,0,0
46,0,0,0
47,0,0,0
48,0,0,0
49,0,0,0
50,0,0,0
51,0,0,0
52,0,0,0
53,0,0,0
54,0,0,0
55,0,0,0
56,0,0,0
57,0,0,0
58,0,0,0
59,0,0,0
60,0,0,0
61,0,0,0
62,0,0,0
63,0,0,0
64,0,0,0
65,0,0,0
66,0,0,0
67,0,0,0
68,0,0,0
69,0,0,0
70,0,0,0
71,0,0,0
72,0,0,0
73,0,0,0
74,0,0,0
75,0,0,0
76,0,0,0
77,0,0,0
78,0,0,0
79,0,0,0
80,0,0,0
81,0,0,0
82,0,0,0
83,0,0,0
84,0,0,0
85,0,0,0
86,0,0,0
87,0,0,0
88,0,0,0
89,0,0,0
90,0,0,0
91,0,0,0
92,0,0,0
93,0,0,0
94,0,0,0
95,0,0,0
96,0,0,0
97,0,0,0
98,0,0,0
99,0,0,0
100,0,0,0
101,0,0,0
102,0,0,0
103,0,0,0
104,0,0,0
105,0,0,0
106,0,0,0
107,0,0,0
108,0,0,0
109,0,0,0
110,0,0,0
111,0,0,0
112,0,0,0
113,0,0,0
114,0,0,0
115,0,0,0
116,0,0,0
117,0,0,0
118,0,0,0
119,0,0,0
120,0,0,0
121,0,0,0
122,0,0,0
123,0,0,0
124,0,0,0
125,0,0,0
126,0,0,0
127,0,0,0
128,0,0,0
129,0,0,0
130,0,0,0
131,0,0,0
132,0,0,0
133,0,0,0
134,0,0,0
135,0,0,0
136,0,0,0
137,0,0,0
138,0,0,0
139,0,0,0
140,0,0,0
141,0,0,0
142,0,0,0
143,0,0,0
144,0,0,0
145,0,0,0
146,0,0,0
147,0,0,0
148,0,0,0
149,0,0,0
150,0,0,0
151,0,0,0
152,0,0,0
153,0,0,0
154,0,0,0
155,0,0,0
156,0,0,0
157,0,0,0
158,0,0,0
159,0,0,0
160,0,0,0
161,0,0,0
162,0,0,0
163,0,0,0
164,0,0,0
165,0,0,0
166,0,0,0
167,0,0,0
168,0,0,0
169,0,0,0
170,0,0,0
171,0,0,1
172,0,0,0
173,0,0,0
174,0,0,0
175,0,0,0
176,0,0,0
177,0,0,0
178,0,0,0
179,0,0,0
180,0,0,0
181,0,0,0
182,0,0,0
183,0,0,0
184,0,0,1
185,0,0,0
186,0,0,0
187,0,0,0
188,0,0,1
189,0,0,0
190,0,0,0
191,0,0,0
192,0,0,0
193,0,0,0
194,0,0,0
195,0,0,0
196,0,0,1
197,0,0,0
198,0,0,0
199,0,0,0
200,0,0,1
201,207,194,0
202,209,155,0
203,210,200,0
204,213,166,0
205,219,178,0
206,237,187,0
207,80,64,1
208,238,176,0
209,231,168,0
210,208,189,0
211,197,177,1
212,207,176,0
213,199,176,0
214,218,195,1
215,43,40,0
216,229,155,0
217,165,206,0
218,222,156,0
219,180,180,0
220,210,161,0
221,192,192,0
222,199,183,1
223,74,85,1
224,217,163,0
225,205,172,0
226,187,156,1
227,193,146,1
228,215,158,0
229,185,172,0
230,223,144,0
231,43,57,0
232,228,145,2
233,177,177,0
234,195,167,0
235,191,165,0
236,194,158,0
237,192,151,0
238,194,159,0
239,79,81,0
240,198,159,0
241,189,168,0
242,206,146,1
243,155,156,0
244,198,133,1
245,194,160,1
246,188,133,0
247,51,51,0
248,174,136,1
249,178,153,0
250,186,147,0
251,199,160,1
252,197,156,0
253,163,167,0
254,186,158,1
255,80,107,0
256,184,165,0
257,179,140,0
258,206,164,1
259,145,155,0
260,227,148,0
261,174,138,0
262,167,138,0
263,45,42,0
264,203,161,0
265,152,160,0
266,175,169,0
267,181,140,0
268,198,140,1
269,160,149,0
270,215,150,2
271,68,54,0
272,176,136,0
273,145,151,0
274,174,126,1
275,150,128,0
276,170,136,0
277,177,137,0
278,179,126,0
279,30,33,1
280,187,119,1
281,180,145,0
282,183,122,0
283,157,144,1
284,175,143,1
285,159,152,1
286,179,128,1
287,73,65,1
288,159,151,0
289,155,138,0
290,166,151,0
291,137,131,0
292,179,140,0
293,154,134,0
294,190,118,0
295,25,30,3
296,156,139,1
297,142,140,0
298,174,115,0
299,132,118,0
300,153,135,1
301,149,146,0
302,154,121,1
303,76,50,0
304,171,135,0
305,122,124,0
306,165,111,0
307,108,122,0
308,166,119,0
309,141,155,0
310,182,134,0
311,38,37,0
312,154,140,0
313,146,116,1
314,145,113,1
315,121,143,0
316,148,118,0
317,141,132,0
318,162,133,1
319,45,49,0
320,168,140,1
321,155,115,0
322,169,141,1
323,146,142,0
324,162,129,0
325,131,126,2
326,138,117,1
327,30,50,0
328,146,118,1
329,154,133,0
330,139,105,0
331,152,102,0
332,179,121,0
333,146,121,0
334,137,111,0
335,66,67,1
336,154,116,0
337,126,129,1
338,150,123,0
339,117,131,0
340,149,123,0
341,154,134,1
342,156,124,0
343,27,28,0
344,139,108,1
345,133,120,0
346,144,132,0
347,129,122,0
348,145,114,0
349,140,97,0
350,136,121,0
351,58,62,0
352,138,98,0
353,133,107,0
354,137,113,0
355,130,153,0
356,150,117,0
357,143,124,0
358,139,121,1
359,25,29,0
360,114,121,1
361,136,130,1
362,145,116,0
363,128,120,1
364,131,105,2
365,113,131,1
366,128,100,0
367,42,45,0
368,135,109,0
369,134,122,0
370,141,129,1
371,122,124,1
372,141,100,0
373,141,108,2
374,138,93,0
375,31,26,1
376,125,103,0
377,135,87,1
378,114,107,0
379,112,99,0
380,123,116,1
381,116,122,0
382,133,96,1
383,9,15,0
384,141,117,0
385,150,120,0
386,132,103,0
387,88,99,0
388,142,118,0
389,128,105,1
390,132,103,1
391,29,20,0
392,116,105,0
393,131,106,0
394,138,98,0
395,123,105,1
396,138,92,1
397,103,124,1
398,126,91,2
399,41,49,2
400,126,109,0
401,122,107,1
402,124,94,0
403,110,91,0
404,123,90,0
405,116,102,0
406,120,99,1
407,19,36,2
408,123,105,0
409,105,86,1
410,141,95,0
411,98,92,1
412,94,97,0
413,104,94,0
414,125,100,0
415,44,41,1
416,112,90,0
417,110,102,1
418,120,97,0
419,100,95,1
420,101,107,2
421,137,107,2
422,115,104,0
423,17,32,0
424,108,83,0
425,114,101,0
426,101,97,0
427,103,106,0
428,97,106,0
429,104,116,0
430,111,95,1
431,48,48,0
432,89,84,0
433,118,92,0
434,129,100,0
435,105,89,0
436,123,86,0
437,113,98,0
438,118,78,2
439,24,24,0
440,95,78,1
441,98,98,0
442,110,89,0
443,110,111,0
444,107,77,1
445,94,98,0
446,112,88,0
447,44,41,0
448,112,109,0
449,99,77,0
450,102,85,0
451,116,70,0
452,123,80,0
453,110,94,0
454,104,89,1
455,25,18,1
456,94,57,0
457,116,84,1
458,113,100,0
459,114,94,1
460,101,81,0
461,87,92,0
462,114,74,0
463,35,32,0
464,106,79,0
465,105,79,0
466,95,100,1
467,95,88,0
468,105,63,0
469,99,75,0
470,100,83,0
471,20,27,0
472,93,75,0
473,90,84,0
474,104,74,0
475,102,85,0
476,97,82,0
477,79,76,0
478,97,73,1
479,35,33,0
480,120,82,0
481,86,68,0
482,108,82,0
483,98,73,2
484,95,68,0
485,98,72,1
486,98,79,0
487,17,18,0
488,106,82,0
489,100,75,1
490,102,65,0
491,94,103,0
492,92,66,0
493,107,83,1
494,104,74,0
495,38,41,0
496,77,79,0
497,103,81,0
498,93,67,0
499,88,71,0
500,87,66,0
501,104,63,0
502,95,75,1
503,21,21,0
504,90,61,1
505,78,75,0
506,99,68,2
507,81,63,0
508,91,80,0
509,75,52,0
510,105,71,0
511,866,612,0
512,95,64,0
513,96,56,0
514,96,50,0
515,74,73,0
516,118,54,1
517,97,69,0
518,96,57,0
519,19,16,0
520,87,48,0
521,103,73,1
522,91,43,1
523,111,55,1
524,114,49,0
525,79,60,1
526,73,57,0
527,41,22,1
528,93,60,0
529,101,55,0
530,76,62,0
531,72,64,0
532,86,66,0
533,87,67,0
534,78,50,0
535,14,13,0
536,104,67,0
537,77,67,1
538,81,51,0
539,72,65,0
540,73,49,1
541,86,58,0
542,92,43,0
543,26,33,0
544,87,67,1
545,72,55,1
546,56,54,0
547,76,58,0
548,91,63,0
549,80,59,0
550,95,62,0
551,15,10,0
552,89,49,1
553,79,48,0
554,98,48,0
555,84,44,0
556,99,39,0
557,67,49,0
558,89,48,0
559,30,25,0
560,106,58,1
561,90,50,0
562,81,56,0
563,64,31,1
564,82,51,2
565,79,57,0
566,82,43,0
567,19,21,0
568,87,43,1
569,83,53,1
570,77,54,0
571,97,65,0
572,94,43,1
573,76,48,2
574,75,59,0
575,30,19,0
576,83,49,0
577,67,40,0
578,70,45,1
579,78,27,0
580,68,42,1
581,78,37,1
582,72,36,0
583,19,9,0
584,87,43,0
585,69,52,1
586,83,41,0
587,63,47,0
588,78,59,2
589,76,47,0
590,91,49,0
591,20,19,0
592,85,46,0
593,63,46,1
594,79,37,2
595,67,42,1
596,62,40,0
597,69,39,0
598,68,32,1
599,22,16,0
600,86,37,0
601,73,42,0
602,81,44,2
603,57,42,0
604,79,38,0
605,76,37,1
606,62,52,0
607,33,18,0
608,69,47,0
609,63,43,0
610,78,45,0
611,55,44,0
612,75,37,0
613,64,32,0
614,66,22,1
615,20,13,1
616,75,39,1
617,73,45,0
618,70,30,1
619,62,40,2
620,65,38,0
621,72,38,0
622,54,39,0
623,17,10,1
624,53,27,0
625,63,36,1
626,76,38,1
627,57,42,1
628,83,53,0
629,55,43,0
630,50,35,0
631,11,13,0
632,71,30,1
633,55,41,0
634,56,34,0
635,67,42,1
636,65,38,0
637,70,41,0
638,49,24,0
639,7,6,0
640,71,47,0
641,58,31,1
642,58,26,0
643,58,29,0
644,67,34,1
645,64,24,1
646,46,29,0
647,8,7,0
648,40,26,0
649,50,28,0
650,64,24,0
651,45,20,1
652,73,25,1
653,51,33,0
654,46,31,1
655,23,14,2
656,48,29,0
657,45,35,0
658,52,40,1
659,47,30,0
660,69,39,1
661,52,34,1
662,55,19,1
663,8,6,0
664,56,32,1
665,46,30,0
666,49,20,1
667,47,28,0
668,52,33,0
669,66,32,1
670,44,19,0
671,23,10,1
672,54,34,1
673,51,25,0
674,40,30,0
675,37,41,0
676,42,23,0
677,33,27,0
678,48,27,1
679,13,5,1
680,46,24,0
681,42,33,1
682,61,22,0
683,44,26,2
684,40,35,0
685,41,25,0
686,45,15,0
687,27,16,1
688,41,26,0
689,46,24,1
690,53,28,0
691,43,24,2
692,43,20,1
693,40,23,1
694,29,24,2
695,9,6,2
696,45,24,2
697,47,20,0
698,45,22,1
699,45,19,0
700,34,24,2
701,41,22,0
702,41,19,1
703,20,13,5
704,51,20,2
705,34,19,0
706,28,26,1
707,50,18,0
708,42,18,1
709,49,26,2
710,41,20,1
711,13,5,1
712,42,20,0
713,57,20,0
714,37,28,1
715,42,19,2
716,43,21,0
717,42,26,2
718,50,26,2
719,15,12,1
720,43,15,1
721,28,15,1
722,34,20,0
723,36,17,0
724,50,15,1
725,46,25,1
726,34,14,1
727,12,8,0
728,56,21,1
729,43,23,0
730,38,26,0
731,49,17,0
732,40,29,1
733,56,24,1
734,56,19,2
735,16,10,0
736,44,25,1
737,45,20,3
738,35,14,2
739,65,27,1
740,44,11,0
741,49,15,2
742,59,18,2
743,12,4,2
744,58,21,1
745,62,20,0
746,53,17,1
747,41,16,0
748,52,18,1
749,55,33,1
750,53,20,2
751,23,13,1
752,62,22,2
753,49,23,1
754,53,21,1
755,38,23,0
756,41,20,1
757,61,20,2
758,47,24,0
759,6,6,2
760,56,26,0
761,50,21,2
762,53,18,2
763,44,15,1
764,53,17,2
765,56,27,1
766,52,17,2
767,25,13,1
768,58,28,4
769,49,23,2
770,51,20,0
771,63,24,3
772,53,20,2
773,61,25,3
774,65,26,1
775,10,6,2
776,59,22,2
777,50,29,0
778,56,28,2
779,72,28,1
780,61,21,2
781,44,27,0
782,48,23,3
783,22,16,4
784,70,25,2
785,49,22,1
786,59,28,5
787,57,32,3
788,47,21,0
789,57,39,4
790,65,18,2
791,7,6,2
792,49,26,0
793,55,22,2
794,42,22,0
795,50,30,2
796,72,19,1
797,47,32,0
798,54,19,0
799,23,10,1
800,48,21,2
801,57,29,3
802,55,22,1
803,47,31,0
804,60,23,1
805,66,37,2
806,60,23,3
807,7,3,1
808,44,27,0
809,45,31,0
810,47,31,3
811,50,25,3
812,58,23,3
813,36,29,1
814,52,27,1
815,9,10,3
816,44,24,2
817,52,22,2
818,43,19,1
819,44,30,0
820,45,22,6
821,42,34,3
822,44,30,2
823,4,3,4
824,50,29,5
825,37,27,1
826,44,22,1
827,49,31,1
828,50,26,1
829,44,13,1
830,53,21,0
831,21,8,3
832,53,34,0
833,55,25,3
834,50,24,2
835,43,21,3
836,36,29,1
837,39,21,3
838,49,23,2
839,5,6,2
840,51,22,2
841,55,29,1
842,42,29,0
843,45,27,1
844,37,22,7
845,45,31,1
846,34,25,1
847,8,15,1
848,41,27,1
849,38,25,3
850,32,24,1
851,32,19,3
852,47,33,3
853,40,19,3
854,42,21,3
855,11,6,2
856,41,28,1
857,47,24,2
858,40,35,4
859,54,32,2
860,41,18,3
861,40,32,3
862,32,20,4
863,15,12,2
864,45,27,2
865,34,40,0
866,50,30,0
867,32,45,3
868,38,24,0
869,40,25,0
870,44,28,3
871,11,6,2
872,47,29,3
873,54,23,2
874,33,23,1
875,46,31,0
876,32,34,3
877,36,29,2
878,37,22,2
879,18,7,0
880,32,28,1
881,34,26,3
882,46,28,4
883,43,29,4
884,33,31,3
885,39,26,0
886,38,23,1
887,8,3,2
888,34,26,0
889,45,30,3
890,36,28,0
891,28,27,1
892,39,16,1
893,36,26,2
894,28,20,0
895,4,4,2
896,44,27,6
897,39,26,1
898,30,25,3
899,33,31,1
900,37,27,6
901,34,33,2
902,27,12,4
903,13,9,2
904,34,37,0
905,44,39,0
906,42,34,1
907,37,38,7
908,28,23,1
909,31,27,2
910,35,27,2
911,15,8,3
912,35,26,1
913,33,33,3
914,27,23,1
915,46,27,1
916,39,27,6
917,42,33,3
918,51,19,2
919,4,7,2
920,40,33,2
921,41,29,4
922,41,37,6
923,31,30,3
924,30,34,4
925,26,25,3
926,22,27,2
927,15,15,3
928,32,21,4
929,28,34,9
930,33,37,2
931,32,27,3
932,35,30,2
933,37,42,1
934,23,24,2
935,7,9,1
936,35,32,3
937,24,34,3
938,29,25,2
939,29,31,3
940,43,31,1
941,28,31,2
942,27,30,1
943,15,15,3
944,27,31,3
945,28,40,1
946,28,30,4
947,25,33,3
948,37,21,2
949,24,31,1
950,31,32,1
951,7,6,1
952,27,22,4
953,29,29,6
954,25,23,5
955,29,27,2
956,27,32,4
957,36,33,4
958,24,24,4
959,15,12,3
960,35,13,3
961,35,25,8
962,29,34,1
963,37,25,3
964,28,30,5
965,19,29,2
966,37,29,2
967,5,6,3
968,35,26,5
969,30,27,2
970,32,31,3
971,25,35,2
972,31,24,0
973,33,30,5
974,44,42,2
975,8,15,3
976,31,27,1
977,34,24,2
978,29,25,3
979,25,32,0
980,38,27,2
981,26,39,2
982,28,22,6
983,4,3,4
984,30,32,4
985,31,36,5
986,28,26,5
987,25,29,1
988,39,21,3
989,33,31,2
990,25,30,4
991,20,18,2
992,24,27,4
993,34,37,6
994,26,28,1
995,31,29,4
996,22,28,4
997,26,35,10
998,30,34,3
999,7,10,5
1000,25,24,1
1001,34,32,2
1002,35,18,5
1003,34,33,1
1004,24,23,4
1005,33,28,0
1006,17,24,1
1007,17,18,4
1008,33,30,4
1009,32,46,4
1010,21,27,0
1011,25,33,3
1012,31,28,4
1013,31,41,6
1014,27,30,5
1015,2,13,3
1016,34,28,3
1017,36,28,1
1018,26,38,5
1019,30,32,3
1020,30,32,0
1021,28,21,6
1022,27,27,3
1023,28,32,2
1024,32,41,8
1025,35,34,3
1026,36,28,3
1027,23,31,3
1028,35,37,4
1029,34,35,7
1030,32,29,2
1031,3,6,3
1032,40,31,8
1033,35,31,10
1034,22,31,6
1035,25,17,4
1036,39,30,3
1037,23,45,8
1038,22,33,6
1039,12,15,4
1040,20,39,4
1041,26,31,5
1042,32,32,2
1043,17,30,7
1044,24,33,2
1045,26,42,5
1046,22,28,3
1047,5,10,4
1048,43,28,1
1049,30,28,2
1050,31,31,4
1051,27,30,3
1052,29,38,5
1053,20,29,7
1054,23,43,5
1055,11,8,4
1056,28,26,3
1057,20,42,1
1058,31,20,5
1059,26,35,4
1060,25,26,7
1061,19,38,4
1062,36,34,8
1063,5,7,6
1064,35,42,6
1065,28,35,3
1066,28,29,1
1067,22,41,6
1068,31,32,3
1069,18,39,5
1070,22,41,7
1071,9,16,7
1072,24,22,7
1073,29,36,3
1074,27,27,1
1075,26,36,3
1076,30,20,2
1077,35,34,5
1078,16,29,2
1079,5,13,10
1080,19,43,2
1081,22,27,7
1082,17,46,5
1083,30,34,7
1084,22,31,9
1085,29,32,5
1086,28,34,6
1087,3,11,6
1088,31,31,7
1089,31,38,5
1090,26,33,11
1091,26,35,3
1092,29,40,4
1093,30,30,7
1094,23,36,3
1095,4,12,3
1096,22,29,9
1097,24,28,5
1098,24,32,9
1099,22,30,9
1100,22,34,7
1101,30,33,6
1102,33,20,6
1103,11,20,6
1104,25,23,2
1105,15,41,4
1106,25,33,12
1107,34,38,6
1108,28,40,4
1109,24,34,3
1110,31,23,10
1111,3,7,11
1112,19,23,4
1113,30,25,6
1114,19,31,11
1115,25,30,7
1116,27,30,4
1117,30,37,13
1118,25,38,5
1119,13,12,5
1120,22,33,7
1121,20,42,7
1122,21,35,7
1123,30,33,10
1124,24,40,4
1125,30,37,5
1126,24,20,5
1127,7,7,5
1128,31,25,4
1129,30,43,6
1130,21,29,8
1131,20,28,8
1132,23,31,6
1133,28,30,9
1134,24,36,12
1135,13,18,4
1136,16,31,7
1137,29,30,9
1138,33,48,8
1139,25,35,5
1140,26,23,5
1141,25,35,9
1142,21,29,7
1143,7,8,10
1144,25,38,10
1145,30,40,7
1146,22,32,10
1147,30,25,8
1148,26,32,8
1149,31,44,8
1150,25,26,7
1151,3,2,8
1152,32,47,6
1153,27,36,6
1154,31,28,8
1155,25,34,4
1156,24,33,11
1157,30,40,4
1158,23,29,12
1159,5,9,7
1160,35,35,9
1161,33,42,9
1162,26,35,6
1163,30,43,9
1164,18,36,8
1165,23,23,5
1166,27,22,8
1167,17,11,6
1168,25,35,6
1169,32,36,7
1170,28,37,5
1171,31,24,7
1172,24,22,8
1173,30,38,12
1174,23,33,8
1175,5,5,10
1176,33,35,6
1177,25,41,9
1178,21,38,7
1179,24,42,11
1180,32,20,3
1181,28,33,8
1182,29,38,9
1183,9,13,7
1184,30,36,12
1185,28,39,17
1186,23,33,9
1187,29,31,15
1188,29,30,7
1189,37,35,6
1190,33,28,10
1191,7,13,8
1192,25,34,9
1193,23,29,13
1194,30,46,7
1195,34,50,8
1196,28,34,5
1197,32,40,6
1198,36,24,12
1199,9,15,10
1200,28,36,10
1201,33,37,5
1202,25,34,8
1203,24,31,14
1204,36,31,6
1205,27,38,8
1206,27,27,13
1207,9,7,17
1208,35,37,6
1209,27,29,13
1210,33,30,7
1211,26,33,11
1212,31,38,12
1213,36,42,10
1214,33,39,6
1215,11,9,10
1216,29,33,13
1217,36,32,8
1218,18,41,8
1219,30,38,7
1220,30,35,8
1221,34,39,12
1222,29,33,11
1223,5,5,10
1224,30,22,9
1225,36,48,16
1226,29,26,12
1227,22,36,9
1228,21,31,15
1229,33,49,8
1230,28,37,11
1231,10,11,6
1232,24,28,10
1233,29,37,11
1234,23,37,12
1235,31,25,14
1236,32,30,5
1237,29,40,15
1238,26,30,17
1239,5,10,7
1240,23,34,9
1241,25,24,11
1242,32,31,17
1243,23,29,9
1244,24,30,11
1245,27,25,3
1246,24,26,13
1247,7,13,8
1248,34,25,10
1249,32,44,8
1250,27,31,9
1251,32,37,14
1252,33,28,11
1253,26,28,14
1254,29,31,12
1255,10,7,16
1256,33,30,9
1257,32,30,11
1258,30,32,16
1259,25,30,11
1260,28,27,5
1261,36,32,15
1262,30,30,11
1263,13,13,9
1264,36,31,13
1265,40,37,12
1266,22,16,11
1267,32,31,10
1268,28,28,10
1269,36,35,11
1270,35,23,14
1271,6,7,12
1272,35,35,11
1273,32,26,10
1274,30,27,16
1275,39,36,20
1276,29,29,17
1277,31,33,10
1278,38,29,8
1279,24,16,15
1280,24,38,12
1281,30,33,6
1282,38,24,8
1283,35,26,3
1284,28,25,19
1285,33,29,9
1286,30,19,17
1287,3,3,12
1288,35,38,13
1289,31,39,12
1290,28,25,17
1291,24,32,12
1292,42,36,12
1293,34,26,13
1294,32,37,12
1295,9,13,11
1296,39,30,10
1297,25,33,17
1298,30,21,8
1299,22,31,11
1300,53,43,4
1301,32,32,8
1302,34,21,7
1303,7,11,11
1304,29,29,9
1305,42,36,12
1306,45,28,10
1307,38,24,11
1308,27,29,6
1309,42,34,13
1310,31,25,5
1311,21,16,16
1312,28,25,13
1313,34,26,11
1314,34,29,8
1315,27,25,8
1316,37,25,10
1317,21,37,12
1318,35,31,16
1319,2,3,10
1320,37,30,13
1321,37,29,15
1322,30,34,7
1323,33,30,16
1324,33,24,11
1325,35,27,10
1326,34,26,12
1327,19,27,17
1328,33,27,3
1329,38,31,10
1330,23,23,17
1331,29,24,14
1332,31,28,10
1333,37,27,13
1334,39,31,10
1335,6,5,12
1336,35,34,7
1337,29,22,11
1338,27,20,14
1339,33,22,10
1340,27,32,16
1341,38,35,12
1342,34,16,10
1343,21,14,11
1344,34,20,7
1345,38,39,11
1346,25,22,8
1347,42,21,12
1348,24,18,6
1349,32,23,10
1350,39,28,10
1351,8,7,11
1352,41,29,13
1353,50,26,12
1354,31,29,10
1355,40,30,10
1356,38,22,7
1357,43,30,3
1358,31,31,10
1359,17,14,4
1360,47,26,23
1361,37,31,14
1362,27,20,8
1363,42,26,15
1364,41,30,14
1365,35,27,11
1366,28,24,11
1367,7,9,9
1368,33,16,11
1369,39,25,6
1370,40,22,11
1371,42,22,14
1372,36,31,11
1373,37,27,12
1374,30,20,9
1375,13,15,14
1376,47,25,11
1377,44,27,9
1378,40,25,11
1379,42,30,10
1380,28,19,5
1381,41,29,11
1382,25,19,13
1383,4,3,15
1384,35,32,8
1385,39,24,9
1386,42,24,13
1387,33,29,9
1388,34,16,10
1389,47,27,13
1390,32,23,10
1391,17,15,8
1392,23,23,11
1393,35,26,7
1394,28,26,10
1395,35,17,12
1396,22,26,10
1397,28,23,7
1398,25,23,7
1399,6,6,13
1400,25,27,6
1401,30,35,12
1402,35,35,11
1403,42,23,8
1404,34,27,14
1405,36,29,7
1406,25,12,12
1407,1,4,7
1408,42,25,13
1409,50,37,17
1410,21,22,10
1411,39,23,12
1412,35,23,9
1413,32,32,11
1414,31,27,9
1415,8,4,13
1416,44,27,6
1417,30,26,11
1418,28,20,11
1419,39,35,5
1420,34,21,8
1421,36,23,10
1422,26,24,10
1423,16,10,9
1424,38,20,20
1425,27,23,14
1426,36,20,9
1427,31,27,7
1428,33,19,12
1429,38,19,12
1430,27,25,14
1431,12,10,7
1432,37,27,12
1433,42,32,10
1434,37,21,9
1435,29,13,10
1436,41,18,12
1437,40,25,13
1438,40,22,12
1439,22,10,14
1440,38,23,13
1441,34,27,15
1442,35,14,11
1443,40,22,11
1444,43,13,16
1445,42,18,13
1446,30,29,9
1447,12,7,10
1448,33,24,13
1449,44,23,6
1450,28,17,9
1451,37,24,10
1452,31,29,7
1453,36,22,10
1454,27,28,7
1455,19,9,10
1456,33,21,7
1457,38,33,9
1458,28,21,8
1459,33,19,7
1460,34,23,14
1461,37,27,5
1462,29,12,9
1463,11,6,9
1464,37,17,9
1465,37,21,11
1466,32,23,11
1467,40,19,11
1468,31,14,14
1469,32,25,6
1470,43,26,6
1471,15,6,6
1472,36,24,13
1473,40,25,9
1474,37,13,10
1475,26,27,9
1476,26,21,12
1477,47,18,6
1478,33,16,5
1479,10,6,10
1480,30,29,15
1481,25,32,7
1482,39,24,11
1483,34,31,8
1484,35,17,12
1485,26,24,11
1486,31,18,6
1487,17,10,2
1488,32,24,8
1489,39,29,11
1490,24,25,12
1491,31,28,13
1492,38,12,10
1493,47,21,10
1494,30,14,8
1495,9,4,8
1496,26,25,7
1497,32,23,9
1498,28,17,11
1499,33,27,9
1500,30,21,9
1501,44,21,10
1502,32,18,10
1503,19,7,8
1504,35,14,9
1505,35,24,12
1506,34,18,6
1507,42,23,10
1508,35,25,8
1509,40,23,8
1510,30,18,8
1511,7,6,5
1512,33,24,8
1513,36,20,10
1514,23,17,7
1515,34,16,9
1516,21,18,9
1517,46,18,10
1518,27,22,5
1519,14,12,4
1520,29,25,11
1521,38,28,8
1522,29,19,10
1523,28,17,15
1524,35,17,10
1525,27,16,8
1526,27,19,11
1527,12,4,14
1528,29,35,9
1529,44,25,8
1530,38,33,11
1531,35,16,10
1532,33,17,14
1533,29,22,7
1534,25,23,13
1535,282,165,12
1536,31,24,14
1537,35,19,8
1538,33,16,7
1539,38,20,12
1540,32,21,9
1541,29,16,10
1542,37,20,10
1543,4,4,7
1544,26,20,11
1545,31,22,8
1546,19,22,6
1547,31,20,11
1548,24,22,9
1549,27,18,11
1550,20,16,7
1551,16,12,12
1552,15,21,9
1553,30,20,11
1554,30,26,8
1555,28,20,12
1556,30,15,9
1557,45,19,12
1558,29,22,5
1559,7,3,8
1560,35,18,6
1561,32,16,8
1562,26,13,6
1563,30,23,8
1564,18,17,5
1565,42,21,10
1566,33,25,2
1567,11,11,0
1568,32,16,9
1569,21,17,8
1570,33,16,12
1571,25,18,13
1572,36,17,6
1573,33,13,13
1574,21,14,10
1575,7,2,6
1576,28,15,7
1577,31,24,10
1578,20,14,9
1579,34,27,10
1580,20,15,8
1581,29,21,7
1582,18,15,13
1583,13,8,8
1584,30,19,3
1585,27,21,7
1586,21,23,11
1587,28,18,10
1588,34,22,11
1589,26,24,5
1590,24,13,10
1591,7,4,8
1592,31,17,12
1593,35,22,6
1594,29,13,9
1595,31,19,14
1596,16,16,4
1597,27,18,11
1598,21,27,7
1599,6,6,6
1600,24,20,7
1601,33,9,8
1602,20,14,8
1603,18,12,9
1604,28,21,10
1605,19,20,6
1606,26,17,7
1607,5,4,7
1608,29,10,10
1609,32,18,6
1610,32,15,5
1611,29,24,5
1612,28,15,6
1613,22,20,5
1614,31,17,4
1615,14,8,7
1616,27,20,7
1617,25,20,9
1618,29,16,7
1619,26,17,8
1620,22,14,10
1621,28,20,10
1622,21,13,6
1623,9,3,2
1624,18,15,7
1625,25,17,9
1626,27,23,6
1627,34,22,7
1628,28,20,4
1629,25,23,5
1630,20,17,5
1631,14,6,3
1632,21,16,3
1633,21,17,2
1634,15,17,4
1635,30,15,7
1636,35,11,6
1637,24,22,11
1638,20,14,9
1639,6,4,8
1640,30,16,2
1641,25,20,8
1642,29,13,11
1643,30,13,9
1644,24,23,5
1645,25,25,4
1646,32,19,4
1647,12,3,12
1648,23,23,5
1649,26,29,3
1650,24,16,5
1651,25,17,9
1652,29,16,10
1653,30,15,8
1654,27,15,7
1655,6,3,5
1656,31,20,4
1657,27,18,8
1658,18,15,3
1659,22,19,6
1660,29,9,5
1661,34,16,5
1662,17,6,10
1663,3,2,6
1664,27,18,9
1665,21,20,3
1666,14,9,3
1667,19,18,7
1668,26,16,8
1669,22,17,3
1670,16,20,1
1671,5,3,4
1672,20,15,6
1673,29,23,9
1674,14,15,8
1675,25,11,6
1676,14,13,2
1677,22,19,11
1678,28,19,5
1679,19,4,3
1680,14,11,12
1681,26,22,7
1682,24,14,13
1683,28,18,8
1684,24,21,3
1685,24,23,7
1686,23,15,4
1687,5,4,5
1688,22,13,3
1689,24,17,5
1690,20,17,9
1691,29,22,8
1692,15,11,5
1693,25,19,3
1694,28,19,5
1695,15,5,8
1696,23,19,2
1697,29,13,4
1698,22,18,5
1699,25,17,1
1700,24,19,5
1701,19,19,10
1702,23,10,7
1703,12,2,6
1704,20,19,5
1705,30,15,4
1706,20,18,8
1707,16,11,4
1708,23,12,4
1709,31,24,5
1710,20,14,1
1711,14,8,5
1712,19,18,9
1713,26,15,3
1714,21,6,2
1715,16,10,7
1716,18,14,6
1717,21,19,7
1718,17,13,5
1719,3,1,5
1720,16,7,5
1721,19,15,3
1722,24,9,3
1723,21,20,9
1724,23,17,3
1725,29,23,4
1726,18,5,7
1727,18,5,5
1728,26,13,4
1729,26,11,9
1730,18,17,4
1731,22,16,2
1732,20,19,5
1733,21,11,4
1734,21,11,10
1735,9,2,7
1736,22,8,5
1737,25,21,7
1738,16,15,5
1739,22,14,11
1740,20,22,6
1741,25,20,8
1742,17,14,3
1743,10,8,4
1744,15,17,7
1745,26,16,5
1746,16,10,6
1747,18,20,1
1748,20,12,5
1749,22,17,4
1750,16,13,7
1751,5,3,2
1752,22,15,5
1753,27,20,4
1754,22,15,9
1755,21,16,7
1756,24,14,8
1757,14,14,10
1758,11,20,8
1759,9,10,7
1760,21,19,9
1761,22,14,6
1762,15,20,4
1763,25,16,5
1764,25,13,6
1765,17,16,1
1766,18,7,6
1767,6,5,8
1768,25,13,5
1769,29,13,4
1770,21,10,8
1771,11,7,6
1772,17,15,5
1773,20,13,5
1774,14,4,2
1775,9,6,8
1776,13,14,1
1777,21,11,2
1778,18,15,2
1779,17,16,7
1780,17,9,5
1781,23,17,4
1782,14,8,2
1783,5,0,7
1784,21,18,4
1785,19,9,4
1786,10,10,5
1787,24,8,6
1788,18,13,6
1789,29,12,1
1790,13,8,3
1791,14,6,5
1792,17,14,2
1793,19,17,1
1794,16,13,3
1795,22,12,5
1796,19,9,4
1797,20,14,6
1798,21,6,4
1799,8,1,8
1800,22,13,6
1801,21,11,3
1802,18,11,6
1803,20,10,1
1804,21,15,8
1805,11,13,3
1806,16,12,4
1807,9,6,4
1808,24,20,6
1809,23,10,7
1810,18,17,3
1811,23,20,6
1812,12,9,8
1813,17,10,4
1814,23,11,3
1815,7,6,8
1816,14,14,3
1817,21,15,3
1818,16,9,5
1819,18,15,6
1820,19,16,2
1821,35,16,2
1822,10,12,4
1823,15,8,4
1824,27,12,4
1825,18,12,9
1826,16,15,3
1827,19,16,7
1828,16,12,2
1829,28,9,5
1830,16,13,3
1831,5,2,5
1832,15,8,6
1833,21,13,8
1834,16,8,3
1835,15,14,7
1836,9,12,6
1837,16,10,1
1838,18,2,1
1839,7,4,6
1840,16,4,1
1841,24,13,4
1842,18,9,4
1843,17,8,4
1844,14,12,3
1845,25,18,6
1846,16,8,4
1847,7,2,4
1848,24,8,3
1849,18,14,2
1850,19,10,3
1851,21,11,5
1852,22,12,4
1853,23,16,3
1854,12,14,3
1855,13,7,1
1856,18,17,1
1857,25,15,3
1858,11,5,6
1859,23,9,4
1860,11,16,6
1861,15,12,1
1862,17,9,4
1863,2,1,2
1864,22,11,6
1865,13,19,8
1866,15,10,7
1867,12,15,2
1868,13,16,6
1869,13,5,3
1870,15,6,2
1871,5,7,2
1872,16,11,2
1873,20,12,2
1874,14,12,5
1875,18,9,3
1876,12,14,2
1877,15,13,0
1878,16,2,5
1879,6,1,3
1880,14,7,2
1881,19,13,4
1882,10,12,6
1883,15,3,8
1884,19,16,1
1885,15,8,2
1886,7,7,4
1887,8,5,1
1888,14,7,3
1889,14,15,3
1890,20,7,4
1891,12,16,6
1892,13,13,5
1893,15,11,1
1894,13,10,1
1895,3,1,2
1896,16,9,4
1897,14,16,3
1898,13,9,6
1899,22,7,2
1900,17,16,4
1901,24,18,6
1902,15,13,4
1903,8,5,3
1904,17,10,2
1905,19,11,0
1906,18,9,3
1907,14,10,3
1908,15,7,0
1909,17,20,2
1910,14,16,5
1911,3,2,3
1912,15,10,3
1913,15,10,1
1914,14,8,4
1915,14,9,1
1916,15,11,3
1917,20,13,2
1918,14,6,0
1919,0,2,2
1920,17,8,5
1921,14,13,3
1922,7,10,1
1923,9,13,5
1924,25,13,2
1925,14,11,4
1926,14,9,4
1927,4,7,6
1928,12,5,5
1929,19,15,1
1930,12,10,3
1931,17,9,3
1932,19,16,2
1933,19,7,2
1934,19,11,1
1935,8,4,3
1936,19,13,2
1937,22,19,2
1938,16,7,3
1939,18,8,2
1940,11,7,3
1941,10,11,7
1942,16,10,2
1943,5,0,6
1944,10,16,2
1945,10,10,2
1946,12,13,1
1947,7,9,4
1948,9,11,5
1949,16,10,3
1950,14,5,0
1951,8,9,5
1952,12,6,1
1953,22,13,2
1954,8,8,1
1955,15,15,3
1956,15,13,1
1957,17,8,2
1958,15,8,3
1959,3,1,1
1960,18,8,1
1961,12,11,2
1962,13,15,1
1963,20,15,2
1964,14,11,5
1965,20,15,2
1966,13,7,2
1967,8,5,0
1968,20,12,0
1969,13,11,5
1970,14,14,1
1971,13,10,7
1972,23,12,2
1973,13,16,1
1974,7,5,7
1975,1,1,1
1976,14,6,4
1977,18,7,2
1978,8,12,2
1979,17,17,5
1980,11,12,5
1981,18,11,3
1982,10,7,3
1983,4,4,5
1984,13,11,3
1985,11,14,3
1986,20,6,2
1987,16,16,5
1988,8,6,2
1989,17,10,2
1990,11,8,5
1991,7,1,3
1992,19,7,1
1993,17,8,1
1994,15,10,2
1995,9,14,2
1996,8,6,1
1997,18,12,1
1998,9,8,1
1999,5,3,4
2000,9,12,2
2001,12,6,1
2002,24,11,4
2003,9,11,2
2004,16,10,2
2005,12,8,2
2006,11,9,6
2007,2,0,2
2008,9,10,2
2009,8,7,3
2010,20,5,3
2011,15,7,1
2012,12,9,0
2013,10,11,2
2014,12,8,2
2015,8,10,2
2016,13,6,3
2017,14,6,2
2018,14,12,0
2019,14,7,2
2020,12,4,1
2021,15,16,2
2022,7,11,1
2023,1,1,3
2024,13,8,2
2025,16,12,5
2026,8,10,3
2027,15,11,4
2028,10,13,2
2029,12,9,4
2030,12,6,3
2031,7,4,3
2032,12,7,1
2033,13,9,3
2034,9,7,2
2035,18,10,4
2036,10,10,1
2037,19,12,1
2038,9,6,0
2039,3,1,4
2040,12,12,3
2041,15,5,1
2042,7,8,1
2043,16,13,3
2044,5,6,0
2045,9,9,2
2046,5,10,9
2047,3,1,1
2048,20,3,0
2049,13,12,1
2050,15,3,1
2051,14,6,3
2052,9,9,1
2053,9,11,3
2054,9,11,1
2055,4,1,1
2056,13,12,3
2057,12,8,3
2058,17,7,3
2059,11,5,0
2060,7,10,1
2061,6,9,0
2062,6,10,0
2063,7,8,3
2064,10,8,2
2065,15,8,1
2066,9,11,1
2067,15,10,2
2068,9,4,2
2069,16,7,4
2070,7,5,0
2071,3,2,2
2072,9,8,1
2073,11,10,2
2074,9,10,3
2075,7,8,1
2076,14,4,5
2077,12,12,2
2078,14,10,0
2079,4,1,0
2080,9,7,3
2081,19,11,3
2082,6,5,0
2083,17,9,2
2084,10,4,3
2085,14,12,2
2086,11,3,1
2087,1,1,1
2088,10,11,3
2089,18,13,1
2090,14,8,2
2091,11,12,2
2092,13,5,1
2093,7,15,4
2094,10,13,2
2095,4,8,1
2096,12,8,2
2097,9,8,2
2098,11,5,3
2099,12,7,1
2100,10,11,3
2101,26,9,1
2102,11,5,1
2103,1,1,1
2104,10,12,1
2105,13,7,3
2106,12,6,2
2107,11,11,2
2108,19,9,1
2109,14,12,3
2110,5,6,0
2111,9,2,3
2112,14,9,2
2113,21,9,2
2114,7,12,2
2115,18,13,2
2116,10,9,0
2117,18,12,2
2118,12,5,3
2119,3,1,3
2120,11,11,1
2121,15,11,2
2122,10,13,1
2123,12,8,0
2124,18,8,1
2125,22,17,2
2126,7,5,4
2127,5,3,1
2128,18,10,3
2129,14,10,2
2130,14,7,0
2131,20,6,3
2132,5,8,1
2133,18,14,0
2134,16,6,2
2135,5,1,3
2136,15,10,2
2137,15,14,2
2138,22,6,0
2139,18,11,1
2140,14,11,1
2141,9,9,1
2142,13,6,3
2143,15,4,1
2144,15,18,1
2145,19,11,0
2146,13,13,1
2147,14,10,1
2148,14,5,1
2149,17,9,1
2150,11,9,5
2151,2,1,0
2152,11,11,2
2153,23,8,1
2154,8,8,1
2155,13,7,2
2156,18,10,0
2157,20,4,3
2158,9,15,0
2159,7,6,3
2160,11,13,4
2161,19,8,0
2162,14,8,3
2163,9,9,2
2164,14,10,1
2165,23,12,2
2166,13,4,2
2167,6,1,4
2168,19,7,1
2169,27,6,1
2170,12,11,4
2171,13,9,2
2172,23,17,1
2173,17,15,3
2174,8,6,1
2175,1,3,0
2176,22,12,2
2177,13,15,0
2178,11,8,2
2179,14,15,2
2180,19,8,2
2181,19,14,0
2182,11,7,2
2183,4,6,1
2184,10,11,1
2185,15,15,2
2186,14,9,2
2187,17,16,1
2188,15,7,1
2189,12,20,0
2190,11,12,1
2191,12,7,1
2192,11,8,0
2193,19,10,0
2194,12,11,1
2195,17,9,0
2196,8,9,0
2197,13,14,0
2198,11,4,0
2199,3,2,2
2200,16,6,2
2201,12,8,3
2202,18,12,4
2203,16,10,1
2204,11,12,0
2205,10,13,2
2206,11,8,0
2207,7,7,0
2208,15,7,3
2209,10,9,1
2210,7,5,2
2211,7,3,1
2212,9,7,2
2213,19,11,1
2214,11,9,2
2215,5,1,1
2216,10,5,3
2217,10,15,1
2218,10,1,1
2219,15,10,2
2220,14,6,1
2221,13,12,2
2222,5,9,1
2223,9,2,1
2224,14,8,1
2225,12,5,2
2226,11,6,0
2227,10,12,2
2228,8,7,0
2229,15,3,1
2230,7,6,0
2231,3,1,1
2232,5,7,2
2233,15,14,0
2234,11,10,2
2235,19,12,0
2236,6,8,0
2237,11,10,0
2238,7,6,1
2239,3,3,2
2240,9,4,1
2241,8,11,0
2242,10,8,1
2243,13,5,3
2244,8,7,2
2245,12,7,1
2246,13,6,1
2247,2,0,2
2248,6,9,0
2249,13,2,1
2250,4,8,1
2251,6,8,1
2252,5,5,2
2253,10,4,1
2254,12,4,0
2255,6,4,0
2256,7,9,2
2257,5,12,2
2258,8,6,2
2259,15,5,2
2260,3,4,0
2261,9,5,1
2262,5,5,2
2263,2,1,1
2264,5,7,1
2265,11,8,0
2266,3,6,0
2267,4,10,2
2268,11,2,0
2269,13,7,1
2270,6,2,0
2271,6,1,0
2272,3,7,0
2273,5,8,1
2274,4,6,0
2275,7,6,0
2276,6,5,1
2277,10,9,2
2278,5,1,1
2279,3,0,0
2280,10,6,0
2281,5,4,1
2282,6,6,0
2283,7,7,1
2284,4,4,2
2285,8,11,1
2286,4,4,0
2287,2,1,1
2288,3,5,0
2289,5,8,1
2290,8,2,3
2291,10,12,0
2292,3,5,0
2293,10,5,0
2294,6,3,1
2295,4,3,1
2296,7,3,0
2297,5,6,0
2298,4,4,1
2299,5,4,1
2300,11,3,0
2301,5,5,1
2302,5,6,1
2303,4,4,0
2304,3,4,1
2305,4,6,0
2306,7,2,1
2307,8,6,0
2308,7,6,0
2309,5,4,0
2310,3,5,0
2311,2,0,0
2312,4,6,0
2313,10,3,0
2314,6,4,0
2315,9,3,0
2316,8,5,1
2317,12,8,4
2318,4,4,0
2319,2,0,2
2320,5,7,1
2321,12,7,0
2322,6,5,1
2323,9,4,1
2324,4,4,1
2325,6,4,0
2326,4,5,0
2327,3,1,1
2328,6,8,0
2329,4,4,0
2330,7,4,0
2331,5,1,1
2332,2,2,0
2333,4,2,1
2334,8,1,0
2335,2,2,0
2336,4,3,1
2337,3,2,0
2338,8,2,1
2339,7,6,0
2340,4,3,0
2341,5,5,0
2342,5,5,0
2343,3,0,1
2344,7,4,0
2345,6,6,1
2346,3,6,1
2347,7,4,1
2348,8,1,2
2349,4,2,1
2350,9,1,0
2351,1,2,0
2352,12,5,1
2353,4,5,2
2354,6,2,1
2355,6,4,0
2356,5,5,1
2357,3,1,0
2358,9,3,2
2359,1,1,1
2360,3,2,1
2361,7,7,0
2362,5,2,0
2363,7,5,0
2364,4,5,3
2365,6,2,0
2366,5,0,0
2367,3,0,0
2368,6,0,0
2369,8,3,1
2370,2,3,0
2371,8,0,2
2372,5,2,1
2373,12,7,1
2374,2,1,0
2375,1,0,2
2376,6,3,1
2377,11,5,1
2378,2,3,2
2379,6,2,0
2380,3,6,0
2381,4,4,2
2382,7,0,0
2383,2,2,0
2384,4,2,0
2385,10,6,1
2386,6,2,1
2387,2,3,1
2388,6,5,2
2389,5,1,0
2390,3,1,1
2391,4,1,0
2392,1,3,0
2393,6,7,0
2394,5,1,0
2395,2,5,0
2396,5,4,0
2397,8,5,1
2398,3,3,1
2399,3,1,2
2400,4,1,0
2401,4,1,1
2402,2,5,1
2403,7,2,0
2404,5,1,0
2405,7,0,1
2406,7,1,0
2407,1,0,1
2408,5,4,1
2409,2,2,1
2410,6,3,0
2411,6,5,1
2412,4,6,0
2413,6,2,2
2414,3,2,0
2415,2,5,2
2416,2,2,0
2417,8,3,0
2418,4,1,1
2419,5,4,1
2420,7,5,0
2421,3,3,1
2422,3,2,1
2423,1,1,1
2424,7,5,2
2425,4,3,0
2426,5,5,0
2427,4,5,0
2428,6,4,0
2429,7,6,0
2430,3,4,0
2431,0,0,1
2432,4,2,1
2433,6,4,0
2434,3,1,1
2435,2,4,0
2436,5,3,0
2437,6,4,0
2438,6,3,0
2439,2,1,3
2440,8,3,2
2441,4,4,0
2442,4,2,1
2443,7,3,0
2444,6,2,0
2445,4,6,1
2446,4,0,0
2447,2,0,0
2448,2,5,1
2449,5,4,0
2450,2,2,0
2451,4,1,0
2452,6,4,1
2453,3,3,1
2454,5,3,0
2455,0,1,1
2456,3,5,0
2457,3,3,1
2458,6,3,0
2459,5,6,1
2460,3,3,0
2461,3,3,0
2462,5,1,0
2463,1,2,0
2464,4,1,1
2465,5,1,0
2466,0,4,0
2467,6,5,0
2468,2,2,1
2469,5,1,0
2470,5,3,0
2471,1,0,1
2472,2,3,0
2473,3,3,1
2474,5,2,2
2475,8,3,0
2476,4,2,0
2477,2,4,1
2478,2,2,1
2479,1,1,0
2480,5,2,0
2481,3,3,0
2482,5,1,1
2483,4,2,1
2484,1,0,0
2485,5,3,0
2486,5,2,0
2487,0,0,0
2488,6,5,0
2489,4,2,0
2490,10,5,0
2491,2,2,1
2492,2,1,1
2493,5,4,0
2494,4,3,0
2495,1,1,0
2496,6,3,0
2497,9,1,1
2498,3,0,0
2499,3,2,2
2500,3,2,0
2501,6,2,1
2502,2,0,0
2503,1,1,2
2504,7,4,0
2505,4,2,0
2506,3,2,2
2507,2,4,0
2508,7,2,0
2509,1,1,0
2510,4,1,2
2511,5,5,0
2512,1,1,0
2513,3,5,0
2514,3,4,0
2515,2,3,1
2516,2,2,0
2517,0,3,0
2518,2,1,2
2519,1,0,0
2520,4,0,0
2521,1,2,0
2522,2,3,1
2523,2,1,0
2524,2,4,0
2525,4,3,1
2526,3,2,0
2527,2,0,2
2528,6,3,0
2529,3,4,0
2530,4,4,0
2531,5,3,1
2532,1,1,0
2533,3,1,0
2534,4,2,0
2535,0,1,0
2536,3,1,0
2537,6,2,0
2538,4,1,2
2539,2,1,0
2540,0,2,0
2541,6,3,0
2542,3,2,0
2543,0,2,0
2544,3,2,0
2545,7,1,1
2546,5,2,0
2547,6,4,0
2548,4,2,0
2549,3,2,1
2550,3,1,2
2551,0,0,0
2552,4,1,0
2553,7,0,0
2554,4,3,0
2555,5,1,0
2556,2,2,0
2557,3,2,0
2558,4,3,0
2559,32,22,2
2560,2,2,0
2561,6,3,0
2562,1,2,0
2563,2,2,0
2564,4,1,0
2565,5,4,0
2566,2,2,0
2567,2,2,0
2568,4,4,1
2569,4,2,0
2570,2,2,1
2571,3,0,0
2572,2,1,1
2573,3,3,0
2574,3,1,0
2575,1,0,0
2576,3,3,1
2577,5,1,0
2578,2,2,1
2579,1,5,2
2580,1,3,0
2581,0,6,1
2582,2,2,1
2583,1,1,0
2584,3,2,1
2585,3,2,1
2586,4,0,0
2587,8,1,0
2588,0,4,0
2589,2,2,1
2590,0,2,1
2591,2,0,1
2592,6,2,0
2593,1,3,0
2594,5,3,0
2595,4,2,0
2596,0,2,0
2597,4,2,0
2598,0,3,0
2599,0,2,0
2600,2,3,0
2601,6,3,0
2602,2,1,0
2603,2,2,0
2604,2,1,0
2605,3,2,0
2606,2,2,0
2607,0,0,0
2608,3,3,0
2609,2,4,0
2610,3,2,0
2611,3,2,0
2612,2,3,0
2613,8,0,1
2614,6,2,1
2615,1,0,1
2616,3,3,0
2617,3,2,0
2618,4,1,1
2619,1,3,1
2620,5,1,0
2621,2,1,0
2622,1,1,0
2623,1,1,0
2624,2,4,1
2625,0,1,0
2626,2,5,0
2627,5,1,0
2628,3,2,1
2629,3,1,0
2630,5,3,0
2631,1,0,0
2632,4,0,1
2633,2,2,2
2634,2,1,1
2635,2,3,1
2636,1,1,0
2637,1,0,1
2638,6,0,0
2639,0,0,1
2640,4,5,1
2641,4,2,0
2642,3,3,0
2643,4,1,0
2644,3,2,0
2645,5,1,0
2646,2,0,0
2647,0,0,0
2648,2,1,1
2649,3,2,1
2650,4,0,0
2651,3,1,0
2652,0,0,1
2653,5,4,0
2654,1,1,1
2655,2,1,0
2656,2,1,0
2657,1,0,0
2658,2,1,0
2659,3,1,0
2660,2,1,1
2661,1,2,0
2662,3,1,0
2663,0,1,0
2664,3,1,0
2665,3,4,1
2666,3,3,0
2667,0,1,0
2668,2,1,0
2669,3,0,1
2670,1,1,0
2671,0,0,0
2672,1,1,0
2673,2,8,0
2674,1,4,0
2675,4,2,0
2676,1,1,0
2677,4,1,0
2678,3,1,0
2679,2,0,0
2680,3,3,0
2681,2,0,1
2682,0,0,0
2683,1,4,0
2684,3,4,0
2685,2,3,0
2686,1,1,0
2687,0,0,1
2688,0,0,1
2689,1,3,0
2690,2,0,1
2691,3,3,0
2692,1,1,1
2693,1,2,0
2694,2,3,0
2695,0,2,0
2696,3,1,0
2697,4,0,0
2698,6,1,1
2699,2,4,1
2700,0,3,1
2701,3,1,1
2702,2,0,0
2703,1,0,0
2704,1,0,0
2705,0,6,1
2706,2,1,0
2707,4,2,0
2708,1,2,1
2709,5,1,0
2710,0,0,0
2711,2,0,0
2712,3,5,1
2713,3,0,0
2714,2,2,0
2715,6,2,0
2716,1,3,0
2717,0,2,0
2718,1,1,0
2719,1,1,0
2720,3,0,0
2721,3,2,0
2722,2,3,1
2723,1,1,0
2724,1,0,0
2725,1,3,1
2726,0,0,0
2727,1,1,1
2728,3,2,0
2729,3,2,0
2730,1,0,0
2731,2,0,0
2732,0,1,0
2733,5,2,0
2734,2,2,0
2735,0,1,0
2736,5,0,0
2737,4,1,2
2738,0,1,0
2739,4,2,1
2740,3,2,0
2741,1,1,1
2742,1,1,0
2743,0,0,0
2744,2,4,0
2745,0,1,0
2746,1,0,0
2747,0,2,2
2748,2,0,0
2749,0,4,0
2750,1,2,0
2751,0,0,0
2752,1,1,0
2753,1,1,0
2754,3,1,0
2755,7,1,0
2756,1,2,0
2757,1,1,0
2758,2,0,0
2759,0,1,0
2760,3,1,0
2761,6,2,0
2762,3,1,0
2763,2,1,0
2764,1,1,0
2765,4,1,0
2766,1,1,0
2767,0,1,0
2768,3,1,0
2769,1,1,0
2770,3,1,0
2771,1,1,1
2772,2,0,1
2773,3,4,0
2774,0,1,0
2775,0,0,0
2776,5,1,0
2777,1,0,0
2778,2,0,2
2779,2,2,0
2780,2,1,0
2781,2,0,0
2782,2,0,0
2783,2,2,0
2784,4,3,0
2785,4,1,0
2786,2,1,0
2787,1,1,0
2788,3,2,1
2789,3,0,0
2790,2,0,0
2791,0,0,0
2792,3,1,0
2793,2,3,0
2794,2,1,0
2795,2,0,0
2796,2,1,1
2797,1,5,0
2798,2,0,0
2799,1,2,2
2800,1,1,0
2801,1,2,0
2802,1,1,0
2803,2,1,0
2804,3,1,0
2805,0,1,0
2806,0,1,0
2807,0,0,0
2808,0,1,1
2809,1,2,1
2810,3,0,0
2811,2,1,0
2812,0,2,0
2813,3,2,0
2814,0,2,0
2815,0,1,0
2816,0,1,1
2817,1,1,0
2818,2,0,0
2819,1,2,0
2820,3,1,0
2821,0,2,0
2822,2,0,0
2823,0,1,0
2824,3,0,0
2825,1,0,1
2826,3,0,0
2827,3,0,0
2828,2,0,1
2829,0,0,0
2830,1,2,0
2831,0,1,1
2832,2,2,0
2833,0,0,0
2834,1,0,1
2835,3,1,0
2836,1,0,0
2837,2,1,0
2838,2,2,0
2839,0,0,0
2840,3,3,0
2841,2,3,0
2842,2,3,0
2843,1,0,0
2844,4,1,0
2845,2,0,0
2846,1,0,0
2847,0,0,1
2848,1,0,0
2849,2,0,0
2850,1,0,0
2851,0,1,0
2852,1,1,0
2853,0,0,0
2854,1,1,0
2855,0,1,0
2856,2,2,0
2857,3,1,0
2858,2,0,0
2859,0,2,0
2860,2,0,0
2861,0,1,0
2862,0,1,0
2863,0,0,0
2864,4,1,0
2865,0,0,1
2866,2,0,0
2867,2,3,0
2868,0,1,0
2869,0,1,0
2870,0,0,0
2871,2,0,0
2872,3,1,0
2873,3,1,0
2874,2,1,0
2875,2,3,0
2876,2,4,0
2877,3,1,0
2878,1,1,1
2879,0,0,0
2880,1,1,0
2881,1,1,0
2882,1,0,0
2883,2,0,0
2884,1,0,1
2885,0,0,0
2886,2,2,0
2887,0,0,1
2888,2,0,0
2889,1,0,0
2890,2,1,1
2891,1,2,0
2892,4,0,0
2893,2,0,0
2894,0,0,0
2895,3,1,0
2896,0,1,0
2897,2,0,0
2898,1,0,0
2899,2,0,0
2900,2,0,0
2901,2,3,0
2902,4,0,0
2903,1,0,0
2904,1,0,0
2905,2,0,0
2906,2,0,0
2907,1,0,0
2908,2,1,0
2909,1,3,0
2910,1,1,0
2911,0,0,1
2912,1,0,0
2913,1,1,0
2914,2,1,0
2915,0,1,0
2916,3,0,0
2917,1,1,0
2918,1,1,1
2919,0,1,0
2920,4,0,0
2921,2,2,0
2922,0,0,0
2923,6,0,0
2924,2,1,0
2925,3,0,0
2926,1,2,0
2927,1,0,0
2928,1,1,1
2929,4,2,0
2930,0,1,0
2931,1,2,0
2932,0,1,0
2933,1,1,0
2934,0,1,0
2935,0,0,0
2936,1,3,0
2937,3,1,0
2938,0,0,0
2939,1,1,0
2940,4,2,0
2941,1,0,0
2942,2,2,0
2943,0,0,0
2944,1,1,0
2945,1,0,0
2946,3,0,0
2947,2,0,0
2948,1,0,0
2949,2,1,0
2950,1,0,0
2951,0,0,0
2952,3,0,1
2953,3,1,0
2954,0,2,0
2955,0,2,0
2956,2,0,0
2957,2,3,0
2958,1,1,0
2959,0,0,0
2960,2,1,0
2961,1,1,0
2962,2,1,0
2963,1,0,0
2964,0,1,0
2965,0,0,0
2966,0,0,0
2967,0,0,0
2968,1,1,0
2969,3,1,0
2970,0,2,0
2971,2,1,0
2972,0,2,0
2973,1,1,0
2974,2,3,0
2975,2,0,1
2976,0,1,0
2977,1,2,0
2978,0,1,0
2979,1,0,0
2980,1,1,0
2981,0,1,0
2982,1,0,0
2983,2,0,0
2984,2,1,0
2985,0,0,1
2986,0,0,0
2987,1,0,0
2988,1,1,0
2989,2,2,0
2990,0,0,0
2991,0,0,1
2992,2,4,0
2993,0,0,0
2994,2,1,0
2995,1,1,0
2996,0,2,0
2997,2,0,0
2998,0,1,0
2999,1,0,0
3000,0,1,0
3001,2,2,0
3002,0,0,1
3003,4,1,1
3004,0,1,0
3005,5,0,0
3006,1,1,0
3007,0,1,0
3008,2,1,0
3009,1,3,0
3010,1,0,0
3011,1,0,0
3012,1,0,0
3013,1,0,0
3014,0,1,0
3015,1,1,1
3016,2,0,0
3017,0,0,1
3018,1,1,0
3019,4,0,0
3020,0,0,0
3021,1,3,0
3022,1,0,0
3023,0,1,0
3024,1,2,0
3025,1,1,0
3026,2,0,0
3027,3,0,0
3028,2,0,1
3029,3,0,0
3030,0,0,0
3031,0,0,0
3032,0,1,0
3033,1,3,0
3034,0,0,0
3035,2,0,0
3036,1,0,0
3037,1,1,0
3038,0,0,0
3039,0,0,0
3040,3,1,0
3041,1,0,0
3042,2,1,0
3043,0,0,1
3044,2,1,0
3045,1,0,0
3046,2,0,1
3047,0,0,0
3048,1,1,0
3049,0,0,0
3050,2,1,0
3051,3,0,0
3052,1,0,0
3053,0,3,0
3054,0,2,0
3055,2,1,0
3056,0,0,0
3057,4,1,0
3058,3,0,0
3059,3,2,0
3060,1,2,0
3061,1,2,0
3062,1,1,0
3063,0,0,0
3064,2,1,0
3065,1,0,0
3066,1,1,0
3067,2,0,0
3068,0,2,0
3069,0,2,0
3070,1,1,0
3071,2,0,0
3072,4,1,0
3073,6,1,0
3074,0,1,1
3075,3,0,0
3076,1,0,0
3077,2,2,0
3078,1,0,0
3079,0,0,0
3080,2,3,0
3081,0,0,0
3082,2,0,1
3083,1,1,0
3084,1,2,0
3085,2,1,0
3086,1,0,0
3087,1,0,0
3088,0,2,0
3089,0,4,0
3090,1,2,0
3091,3,1,0
3092,1,0,0
3093,3,3,0
3094,1,2,0
3095,1,0,0
3096,2,0,0
3097,0,0,0
3098,0,1,0
3099,3,4,0
3100,0,0,0
3101,2,2,0
3102,3,1,0
3103,0,1,0
3104,2,2,0
3105,2,0,0
3106,2,0,0
3107,1,0,0
3108,1,1,0
3109,3,1,0
3110,0,1,0
3111,1,0,0
3112,1,1,0
3113,1,2,0
3114,3,0,0
3115,2,1,0
3116,1,1,0
3117,3,0,0
3118,2,1,0
3119,0,0,0
3120,1,0,0
3121,1,1,0
3122,3,1,0
3123,1,0,0
3124,2,0,0
3125,2,1,0
3126,1,1,0
3127,1,0,0
3128,2,2,0
3129,1,1,0
3130,3,3,0
3131,0,0,0
3132,3,0,0
3133,0,1,0
3134,1,0,0
3135,0,0,0
3136,0,1,0
3137,0,1,0
3138,1,1,0
3139,1,1,0
3140,1,1,0
3141,1,0,0
3142,1,1,0
3143,0,0,0
3144,0,0,0
3145,2,2,1
3146,0,0,0
3147,1,1,0
3148,0,2,0
3149,2,1,0
3150,1,0,0
3151,0,0,0
3152,1,2,0
3153,0,2,0
3154,1,0,0
3155,2,0,0
3156,3,0,0
3157,1,1,0
3158,0,1,0
3159,0,0,0
3160,0,1,0
3161,0,0,0
3162,2,1,0
3163,1,1,0
3164,1,2,0
3165,1,2,0
3166,1,0,0
3167,0,0,0
3168,1,0,1
3169,1,2,1
3170,1,0,0
3171,1,1,0
3172,0,0,0
3173,0,1,0
3174,4,0,0
3175,0,0,0
3176,1,1,0
3177,1,2,0
3178,1,0,0
3179,1,0,0
3180,2,1,0
3181,1,1,0
3182,0,2,0
3183,2,0,0
3184,0,0,0
3185,4,2,0
3186,0,1,0
3187,2,0,0
3188,0,0,0
3189,2,2,0
3190,1,0,0
3191,2,0,0
3192,3,4,0
3193,1,0,0
3194,1,0,0
3195,1,0,0
3196,2,1,0
3197,1,0,0
3198,0,2,0
3199,1,0,0
3200,0,0,0
3201,1,1,0
3202,2,0,0
3203,2,2,0
3204,1,0,0
3205,2,3,0
3206,1,0,0
3207,0,0,0
3208,4,0,0
3209,2,1,0
3210,0,1,0
3211,1,0,0
3212,0,0,0
3213,0,1,0
3214,2,0,0
3215,2,1,0
3216,1,2,0
3217,2,1,0
3218,0,0,0
3219,2,0,0
3220,3,2,1
3221,0,1,0
3222,2,1,0
3223,0,0,0
3224,0,0,0
3225,1,0,0
3226,0,1,0
3227,0,1,0
3228,0,1,0
3229,2,1,0
3230,1,1,0
3231,0,0,0
3232,0,0,0
3233,1,1,0
3234,0,0,0
3235,0,1,0
3236,1,1,0
3237,1,4,0
3238,0,0,0
3239,0,0,0
3240,1,0,0
3241,0,0,0
3242,1,0,0
3243,1,0,1
3244,0,2,0
3245,3,0,0
3246,0,1,0
3247,1,0,0
3248,2,0,0
3249,1,0,0
3250,2,1,0
3251,1,0,0
3252,0,1,0
3253,2,1,0
3254,1,0,0
3255,1,0,0
3256,5,0,1
3257,2,0,0
3258,0,1,0
3259,1,0,0
3260,0,0,0
3261,2,0,0
3262,0,0,0
3263,2,0,0
3264,1,3,0
3265,3,2,0
3266,0,1,0
3267,0,0,0
3268,0,0,0
3269,0,3,0
3270,1,1,0
3271,0,0,0
3272,1,0,0
3273,3,2,0
3274,2,0,0
3275,2,1,0
3276,0,1,0
3277,1,1,0
3278,1,1,0
3279,1,0,0
3280,1,0,0
3281,0,0,0
3282,1,0,0
3283,2,1,0
3284,2,0,0
3285,1,0,0
3286,1,0,0
3287,0,0,0
3288,0,0,0
3289,0,0,0
3290,0,2,0
3291,2,1,0
3292,2,1,0
3293,1,1,0
3294,0,0,0
3295,1,0,0
3296,0,2,0
3297,0,0,0
3298,1,0,0
3299,1,2,0
3300,0,0,0
3301,1,0,1
3302,0,0,0
3303,2,0,0
3304,1,0,0
3305,1,1,0
3306,1,0,0
3307,0,0,0
3308,1,3,0
3309,0,1,0
3310,0,0,0
3311,0,0,0
3312,0,1,0
3313,0,0,0
3314,1,0,0
3315,0,0,0
3316,0,0,0
3317,1,0,0
3318,2,1,0
3319,1,0,0
3320,2,1,0
3321,1,1,0
3322,2,0,0
3323,1,0,0
3324,0,2,0
3325,1,2,0
3326,0,0,0
3327,4,0,0
3328,2,0,1
3329,2,0,0
3330,0,0,0
3331,1,0,0
3332,0,0,0
3333,2,1,0
3334,0,1,0
3335,0,0,0
3336,0,1,0
3337,2,0,0
3338,2,1,0
3339,0,1,0
3340,1,0,0
3341,2,2,0
3342,0,1,0
3343,0,1,0
3344,1,0,0
3345,1,1,0
3346,0,1,0
3347,0,0,0
3348,1,2,0
3349,0,0,0
3350,1,0,0
3351,0,0,0
3352,1,3,0
3353,1,4,0
3354,0,0,0
3355,3,0,0
3356,0,0,0
3357,0,0,0
3358,0,0,0
3359,1,0,0
3360,1,0,0
3361,1,0,0
3362,0,0,0
3363,0,1,0
3364,0,1,0
3365,1,0,0
3366,0,1,0
3367,0,0,0
3368,0,0,0
3369,4,0,0
3370,1,0,0
3371,1,1,0
3372,1,0,0
3373,1,0,0
3374,2,1,0
3375,1,0,0
3376,0,1,0
3377,1,0,0
3378,0,1,0
3379,0,1,0
3380,1,0,0
3381,1,2,0
3382,1,0,0
3383,1,0,0
3384,0,2,0
3385,1,2,0
3386,0,0,1
3387,1,2,0
3388,1,1,0
3389,2,0,0
3390,1,0,0
3391,0,0,0
3392,0,2,0
3393,0,0,0
3394,0,1,0
3395,0,0,0
3396,0,1,0
3397,0,0,1
3398,3,1,0
3399,1,0,0
3400,0,0,0
3401,1,0,0
3402,0,0,0
3403,0,0,0
3404,0,0,0
3405,0,1,0
3406,1,0,0
3407,0,0,0
3408,1,0,0
3409,0,0,0
3410,2,0,0
3411,0,0,0
3412,0,0,0
3413,0,0,0
3414,0,0,0
3415,0,0,0
3416,0,0,0
3417,0,1,0
3418,1,0,0
3419,0,1,0
3420,0,1,1
3421,0,0,0
3422,0,0,0
3423,1,0,0
3424,0,1,0
3425,0,0,0
3426,0,0,0
3427,1,0,0
3428,1,0,0
3429,0,1,0
3430,0,0,0
3431,0,0,0
3432,0,0,0
3433,1,1,0
3434,0,0,0
3435,2,0,0
3436,0,0,0
3437,1,0,0
3438,0,1,0
3439,0,0,0
3440,0,0,0
3441,0,0,0
3442,0,1,0
3443,0,0,0
3444,0,0,0
3445,0,0,0
3446,0,0,0
3447,0,0,0
3448,1,1,0
3449,0,1,0
3450,1,0,0
3451,0,1,0
3452,0,2,0
3453,1,0,0
3454,1,2,0
3455,0,1,0
3456,3,3,0
3457,1,1,0
3458,0,1,0
3459,0,0,0
3460,0,0,0
3461,0,1,0
3462,1,1,0
3463,0,0,0
3464,0,1,0
3465,2,2,0
3466,2,1,0
3467,4,1,1
3468,1,0,0
3469,1,0,0
3470,0,2,0
3471,0,0,0
3472,0,1,0
3473,1,0,0
3474,1,1,0
3475,1,0,0
3476,0,1,0
3477,0,0,0
3478,0,0,0
3479,0,1,0
3480,3,0,0
3481,0,0,0
3482,1,1,0
3483,2,0,0
3484,0,0,0
3485,0,0,0
3486,0,0,0
3487,0,0,0
3488,1,0,0
3489,1,0,0
3490,0,1,0
3491,0,0,0
3492,1,0,0
3493,2,0,0
3494,1,2,0
3495,0,0,0
3496,0,0,0
3497,0,0,0
3498,1,1,0
3499,0,0,0
3500,3,1,0
3501,1,0,0
3502,0,1,0
3503,1,0,0
3504,1,0,0
3505,0,1,0
3506,0,0,0
3507,0,1,0
3508,0,0,0
3509,2,0,0
3510,0,0,0
3511,0,0,0
3512,0,0,0
3513,1,0,0
3514,0,1,0
3515,0,0,0
3516,0,0,0
3517,0,0,0
3518,0,0,0
3519,0,0,0
3520,1,1,0
3521,0,0,0
3522,0,0,0
3523,0,0,0
3524,0,1,0
3525,0,0,0
3526,0,0,0
3527,0,0,0
3528,1,1,0
3529,0,0,0
3530,0,0,0
3531,1,0,0
3532,1,0,0
3533,0,0,0
3534,0,0,0
3535,0,0,0
3536,1,0,0
3537,2,0,0
3538,0,0,0
3539,1,0,0
3540,0,1,0
3541,0,1,0
3542,0,0,0
3543,0,0,0
3544,0,2,0
3545,0,0,0
3546,0,0,0
3547,1,0,0
3548,0,0,0
3549,0,0,0
3550,1,0,0
3551,0,0,0
3552,0,1,0
3553,1,0,0
3554,1,1,0
3555,0,0,0
3556,0,0,0
3557,0,0,0
3558,0,0,0
3559,0,0,0
3560,0,0,0
3561,1,0,0
3562,0,0,0
3563,0,0,0
3564,1,1,1
3565,0,0,0
3566,0,0,0
3567,0,0,0
3568,0,0,0
3569,2,0,0
3570,0,0,0
3571,0,2,0
3572,0,0,0
3573,0,1,0
3574,0,0,0
3575,0,0,0
3576,2,0,0
3577,2,0,0
3578,0,1,0
3579,0,0,0
3580,0,0,0
3581,0,0,0
3582,0,0,0
3583,4,1,0
3584,0,0,0
3585,0,1,0
3586,0,0,0
3587,0,0,0
3588,1,0,0
3589,0,0,0
3590,0,0,0
3591,0,0,0
3592,0,1,0
3593,2,0,0
3594,0,0,0
3595,0,0,0
3596,0,0,0
3597,1,0,0
3598,0,0,0
3599,0,0,0
3600,0,1,0
3601,0,0,0
3602,0,0,0
3603,0,0,0
3604,1,0,0
3605,0,0,0
3606,0,0,0
3607,0,0,0
3608,0,0,0
3609,0,0,0
3610,0,0,0
3611,2,0,0
3612,0,1,0
3613,0,0,0
3614,0,0,0
3615,0,1,0
3616,0,0,0
3617,0,0,0
3618,0,2,0
3619,0,0,0
3620,0,0,0
3621,0,1,0
3622,0,0,0
3623,1,0,0
3624,1,0,0
3625,0,0,0
3626,0,1,0
3627,0,0,0
3628,1,0,0
3629,0,0,0
3630,0,0,0
3631,0,0,0
3632,1,0,0
3633,0,0,0
3634,0,0,0
3635,0,0,0
3636,0,0,0
3637,1,0,0
3638,0,0,0
3639,0,0,0
3640,1,1,0
3641,0,0,0
3642,0,1,0
3643,0,0,0
3644,0,0,0
3645,1,0,0
3646,0,0,0
3647,0,0,0
3648,1,0,0
3649,0,1,0
3650,0,0,0
3651,0,0,0
3652,0,0,0
3653,0,1,0
3654,0,0,0
3655,0,0,0
3656,1,0,0
3657,1,0,0
3658,0,0,0
3659,0,0,0
3660,1,1,0
3661,1,0,0
3662,0,0,0
3663,0,0,0
3664,0,0,0
3665,1,0,0
3666,0,1,0
3667,0,0,0
3668,0,0,0
3669,0,0,0
3670,0,0,0
3671,0,0,0
3672,0,0,0
3673,1,0,0
3674,0,1,0
3675,1,0,0
3676,0,0,0
3677,0,0,0
3678,0,0,0
3679,1,0,0
3680,0,0,0
3681,0,0,0
3682,0,1,0
3683,0,1,0
3684,0,1,0
3685,0,0,0
3686,0,0,0
3687,0,0,0
3688,0,0,0
3689,0,0,0
3690,0,0,0
3691,1,0,0
3692,0,0,0
3693,0,0,0
3694,0,0,0
3695,0,0,0
3696,0,0,0
3697,0,0,0
3698,0,0,0
3699,0,0,0
3700,0,0,0
3701,0,0,0
3702,0,0,0
3703,0,0,0
3704,0,0,1
3705,0,1,0
3706,0,0,0
3707,0,0,0
3708,1,0,0
3709,0,0,0
3710,0,1,0
3711,0,0,0
3712,0,0,0
3713,0,1,0
3714,0,0,0
3715,0,0,0
3716,0,0,0
3717,0,0,0
3718,0,0,0
3719,0,0,0
3720,0,0,0
3721,0,0,0
3722,0,0,0
3723,0,0,0
3724,0,0,0
3725,0,0,0
3726,1,0,0
3727,0,0,0
3728,0,1,0
3729,0,0,0
3730,0,0,0
3731,0,1,0
3732,0,0,0
3733,1,0,0
3734,0,0,0
3735,0,0,0
3736,0,0,0
3737,0,0,0
3738,0,0,0
3739,0,1,0
3740,0,1,0
3741,1,1,0
3742,0,0,0
3743,0,0,0
3744,0,0,0
3745,1,0,0
3746,0,0,0
3747,0,0,0
3748,0,0,0
3749,0,0,0
3750,0,0,0
3751,0,0,0
3752,1,1,0
3753,1,1,0
3754,0,0,0
3755,0,0,0
3756,2,0,0
3757,0,1,0
3758,0,0,0
3759,0,0,0
3760,1,0,0
3761,0,0,0
3762,0,0,0
3763,0,0,0
3764,0,2,0
3765,0,0,0
3766,0,0,0
3767,0,0,0
3768,0,0,0
3769,0,0,0
3770,0,0,0
3771,0,0,0
3772,0,0,0
3773,0,0,0
3774,0,0,0
3775,0,0,0
3776,0,0,0
3777,0,0,0
3778,0,0,0
3779,0,0,0
3780,0,1,0
3781,1,0,0
3782,0,0,0
3783,0,0,0
3784,0,0,0
3785,0,0,0
3786,0,0,0
3787,1,0,0
3788,0,0,0
3789,0,0,0
3790,1,1,0
3791,0,0,0
3792,0,0,1
3793,0,0,0
3794,0,1,0
3795,0,0,0
3796,0,0,0
3797,0,0,0
3798,0,0,0
3799,0,0,0
3800,0,0,0
3801,0,0,0
3802,0,0,0
3803,0,0,0
3804,0,0,0
3805,0,0,0
3806,0,0,0
3807,0,1,0
3808,1,0,0
3809,0,0,0
3810,0,0,0
3811,1,0,0
3812,0,0,0
3813,0,0,0
3814,0,1,0
3815,0,0,0
3816,0,1,0
3817,0,0,0
3818,0,0,0
3819,0,0,0
3820,0,0,0
3821,1,0,0
3822,0,0,0
3823,1,0,0
3824,0,0,0
3825,0,0,0
3826,0,0,0
3827,0,0,0
3828,0,0,0
3829,1,0,0
3830,0,0,0
3831,0,0,0
3832,0,0,0
3833,1,1,0
3834,0,0,0
3835,0,0,0
3836,0,1,0
3837,0,0,0
3838,0,0,0
3839,0,0,0
3840,0,0,0
3841,0,0,0
3842,0,0,0
3843,0,0,0
3844,0,0,0
3845,0,0,0
3846,0,0,0
3847,0,0,0
3848,0,0,0
3849,0,0,0
3850,0,0,0
3851,0,0,0
3852,0,0,0
3853,0,0,0
3854,0,0,0
3855,0,0,0
3856,0,0,0
3857,0,0,0
3858,0,0,0
3859,0,0,0
3860,0,0,0
3861,0,0,0
3862,0,0,0
3863,0,0,0
3864,0,0,0
3865,0,0,0
3866,0,0,0
3867,0,0,0
3868,0,0,0
3869,0,0,0
3870,0,1,0
3871,0,1,0
3872,0,0,0
3873,0,0,0
3874,0,0,0
3875,0,0,0
3876,0,0,0
3877,0,1,0
3878,0,0,0
3879,0,0,0
3880,0,0,0
3881,0,0,0
3882,0,0,0
3883,0,0,0
3884,0,0,0
3885,0,0,0
3886,0,0,0
3887,0,0,0
3888,0,0,0
3889,0,0,0
3890,0,0,0
3891,0,0,0
3892,0,0,0
3893,0,0,0
3894,0,0,0
3895,0,0,0
3896,0,0,0
3897,0,0,0
3898,0,0,0
3899,0,1,0
3900,0,1,0
3901,0,0,0
3902,0,0,0
3903,0,1,0
3904,0,1,0
3905,0,0,0
3906,0,0,0
3907,0,0,0
3908,0,0,0
3909,0,0,0
3910,0,0,0
3911,0,0,0
3912,0,0,0
3913,0,0,0
3914,0,0,0
3915,1,0,0
3916,0,0,0
3917,0,0,0
3918,0,0,0
3919,0,0,0
3920,0,0,0
3921,0,0,0
3922,0,0,0
3923,0,0,0
3924,0,0,0
3925,0,0,0
3926,0,0,0
3927,0,0,0
3928,0,0,0
3929,1,1,0
3930,0,0,0
3931,0,0,0
3932,0,0,0
3933,0,0,0
3934,0,0,0
3935,0,0,0
3936,0,0,0
3937,0,0,0
3938,0,0,0
3939,0,0,0
3940,0,0,0
3941,1,0,0
3942,0,0,0
3943,0,0,0
3944,1,0,0
3945,0,0,0
3946,0,0,0
3947,1,0,0
3948,0,0,0
3949,0,0,0
3950,0,0,0
3951,0,0,0
3952,0,0,0
3953,0,1,0
3954,0,0,0
3955,1,0,0
3956,0,0,0
3957,0,0,0
3958,0,0,0
3959,0,0,0
3960,0,1,0
3961,0,0,0
3962,0,0,0
3963,0,0,0
3964,0,0,0
3965,0,0,0
3966,0,1,0
3967,0,0,0
3968,0,0,0
3969,0,0,0
3970,0,0,0
3971,0,0,0
3972,0,1,0
3973,0,0,0
3974,0,0,0
3975,0,0,0
3976,0,1,0
3977,0,0,0
3978,0,0,0
3979,0,0,0
3980,0,0,0
3981,1,0,0
3982,0,0,0
3983,0,0,0
3984,0,0,0
3985,0,0,0
3986,0,0,0
3987,0,0,0
3988,0,0,0
3989,0,0,0
3990,0,0,0
3991,0,0,0
3992,0,0,0
3993,0,0,0
3994,0,0,0
3995,0,0,0
3996,0,0,0
3997,0,0,0
3998,0,0,0
3999,0,0,0
4000,0,0,0
4001,0,0,0
4002,0,0,0
4003,0,0,0
4004,0,0,0
4005,0,0,0
4006,0,0,0
4007,0,0,0
4008,0,0,0
4009,0,0,0
4010,1,0,0
4011,0,0,0
4012,0,0,0
4013,0,0,0
4014,0,1,0
4015,0,0,0
4016,0,0,0
4017,0,0,0
4018,0,0,0
4019,1,0,0
4020,0,0,0
4021,0,0,0
4022,0,0,0
4023,0,0,0
4024,0,0,0
4025,0,0,0
4026,0,0,0
4027,0,0,0
4028,0,0,0
4029,0,0,0
4030,0,0,0
4031,0,0,0
4032,0,0,0
4033,0,0,0
4034,0,0,0
4035,0,0,0
4036,0,0,0
4037,0,0,0
4038,0,0,0
4039,0,0,0
4040,0,1,0
4041,0,0,0
4042,0,0,0
4043,0,0,0
4044,0,0,0
4045,0,0,0
4046,0,0,0
4047,0,0,0
4048,0,0,0
4049,0,0,0
4050,0,0,0
4051,0,0,0
4052,0,0,0
4053,0,0,0
4054,0,0,0
4055,0,0,0
4056,1,0,0
4057,0,0,0
4058,0,0,0
4059,0,0,0
4060,0,0,0
4061,0,0,0
4062,0,0,0
4063,1,0,0
4064,0,0,0
4065,0,0,0
4066,0,0,0
4067,0,0,0
4068,0,0,0
4069,0,0,0
4070,0,0,0
4071,0,0,0
4072,0,0,0
4073,0,0,0
4074,0,0,0
4075,0,0,0
4076,0,0,0
4077,0,0,0
4078,0,0,0
4079,0,0,0
4080,0,0,0
4081,0,0,0
4082,0,0,0
4083,0,0,0
4084,0,0,0
4085,0,0,0
4086,0,0,0
4087,0,0,0
4088,0,0,0
4089,0,0,0
4090,0,0,0
4091,0,0,0
4092,0,0,0
4093,0,0,0
4094,0,0,0
4095,10,3,0
