0,0,0,0
1,0,0,0
2,0,0,0
3,0,0,0
4,0,0,0
5,0,0,0
6,0,0,0
7,0,0,0
8,0,0,0
9,0,0,0
10,0,0,0
11,0,0,0
12,0,0,0
13,0,0,0
14,0,0,0
15,0,0,0
16,0,0,0
17,0,0,0
18,0,0,0
19,0,0,0
20,0,0,0
21,0,0,0
22,0,0,0
23,0,0,0
24,0,0,0
25,0,0,0
26,0,0,0
27,0,0,0
28,0,0,0
29,0,0,0
30,0,0,0
31,0,0,0
32,0,0,0
33,0,0,0
34,0,0,0
35,0,0,0
36,0,0,0
37,0,0,0
38,0,0,0
39,0,0,0
40,0,0,0
41,0,0,0
42,0,0,0
43,0,0,0
44,0,0,0
45,0,0,0
46,0,0,0
47,0,0,0
48,0,0,0
49,0,0,0
50,0,0,0
51,0,0,0
52,0,0,0
53,0,0,0
54,0,0,0
55,0,0,0
56,0,0,0
57,0,0,0
58,0,0,0
59,0,0,0
60,0,0,0
61,0,0,0
62,0,0,0
63,0,0,0
64,0,0,0
65,0,0,0
66,0,0,0
67,0,0,0
68,0,0,0
69,0,0,0
70,0,0,0
71,0,0,0
72,0,0,0
73,0,0,0
74,0,0,0
75,0,0,0
76,0,0,0
77,0,0,0
78,0,0,0
79,0,0,0
80,0,0,0
81,0,0,0
82,0,0,0
83,0,0,0
84,0,0,0
85,0,0,0
86,0,0,0
87,0,0,0
88,0,0,0
89,0,0,0
90,0,0,0
91,0,0,0
92,0,0,0
93,0,0,0
94,0,0,0
95,0,0,0
96,0,0,0
97,0,0,0
98,0,0,0
99,0,0,0
100,0,0,0
101,0,0,0
102,0,0,0
103,0,0,0
104,0,0,0
105,0,0,0
106,0,0,0
107,0,0,0
108,0,0,0
109,0,0,0
110,0,0,0
111,0,0,0
112,0,0,0
113,0,0,0
114,0,0,0
115,0,0,0
116,0,0,0
117,0,0,0
118,0,0,0
119,0,0,0
120,0,0,0
121,0,0,0
122,0,0,0
123,0,0,0
124,0,0,0
125,0,0,0
126,0,0,0
127,0,0,0
128,0,0,0
129,0,0,0
130,0,0,0
131,0,0,0
132,0,0,0
133,0,0,0
134,0,0,0
135,0,0,0
136,0,0,0
137,0,0,0
138,0,0,0
139,0,0,0
140,0,0,0
141,0,0,0
142,0,0,0
143,0,0,0
144,0,0,0
145,0,0,0
146,0,0,0
147,0,0,0
148,0,0,0
149,0,0,0
150,0,0,0
151,0,0,0
152,0,0,0
153,0,0,0
154,0,0,0
155,0,0,0
156,0,0,0
157,0,0,0
158,0,0,0
159,0,0,1
160,0,0,2
161,0,0,0
162,0,0,0
163,0,0,0
164,0,0,0
165,0,0,0
166,0,0,0
167,0,0,0
168,0,0,0
169,0,0,0
170,0,0,0
171,0,0,0
172,0,0,0
173,0,0,0
174,0,0,0
175,0,0,0
176,0,0,0
177,0,0,0
178,0,0,0
179,0,0,0
180,0,0,0
181,0,0,0
182,0,0,1
183,0,0,0
184,0,0,0
185,0,0,0
186,0,0,0
187,0,0,0
188,0,0,1
189,0,0,2
190,0,0,0
191,0,0,0
192,0,0,0
193,0,0,0
194,0,0,0
195,0,0,0
196,0,0,0
197,0,0,1
198,0,0,1
199,0,0,1
200,0,0,0
201,348,311,0
202,438,285,0
203,318,299,0
204,396,302,0
205,367,329,1
206,425,320,0
207,156,122,0
208,393,309,1
209,342,311,0
210,377,328,0
211,323,324,1
212,385,302,0
213,337,337,0
214,377,301,0
215,85,88,0
216,402,275,0
217,332,323,1
218,366,299,0
219,326,292,0
220,344,278,0
221,324,317,0
222,369,279,1
223,142,148,1
224,346,281,1
225,342,304,2
226,398,312,0
227,320,312,0
228,380,293,1
229,343,283,0
230,361,284,1
231,74,85,1
232,366,262,0
233,345,296,1
234,403,279,1
235,330,280,1
236,390,297,0
237,334,293,0
238,358,258,2
239,129,109,0
240,324,278,1
241,341,284,0
242,384,291,1
243,300,262,1
244,371,271,1
245,319,285,0
246,314,279,0
247,68,86,0
248,342,261,0
249,300,269,0
250,328,265,1
251,303,268,1
252,342,290,1
253,305,266,0
254,324,286,0
255,140,134,0
256,338,266,0
257,285,278,1
258,334,286,0
259,287,274,1
260,332,276,2
261,321,221,1
262,309,274,2
263,63,70,0
264,292,252,1
265,292,246,0
266,334,244,0
267,276,265,1
268,300,257,0
269,290,256,1
270,324,247,0
271,119,128,0
272,307,252,0
273,292,254,1
274,311,248,0
275,319,287,3
276,298,253,0
277,289,266,0
278,327,281,0
279,56,72,0
280,322,234,0
281,288,241,0
282,308,237,1
283,294,280,0
284,311,274,0
285,252,251,1
286,312,238,1
287,105,126,0
288,301,234,0
289,259,244,0
290,303,256,4
291,260,251,1
292,309,241,1
293,267,248,0
294,287,236,0
295,63,83,0
296,345,227,2
297,263,213,1
298,296,260,0
299,256,233,0
300,281,240,0
301,291,246,0
302,302,238,1
303,118,109,0
304,270,265,0
305,248,222,0
306,285,233,0
307,247,224,2
308,293,195,1
309,273,263,1
310,281,222,0
311,64,67,2
312,274,226,1
313,249,215,1
314,282,271,0
315,265,253,2
316,278,219,1
317,254,211,1
318,288,212,1
319,118,83,0
320,280,274,0
321,244,246,1
322,309,233,0
323,274,215,0
324,259,209,2
325,250,241,0
326,268,232,0
327,61,69,1
328,262,214,0
329,255,240,1
330,272,221,0
331,224,220,1
332,273,208,0
333,237,209,1
334,256,223,1
335,99,87,1
336,259,236,0
337,222,233,2
338,245,221,0
339,214,221,0
340,277,205,1
341,235,204,1
342,263,229,1
343,66,54,0
344,266,169,0
345,258,228,2
346,257,203,0
347,211,225,0
348,264,213,0
349,216,202,0
350,272,223,0
351,112,98,0
352,289,229,0
353,208,231,0
354,239,199,2
355,234,219,0
356,257,219,0
357,238,207,4
358,258,197,0
359,38,64,0
360,228,196,3
361,216,187,0
362,238,204,2
363,235,184,0
364,242,200,0
365,223,204,0
366,262,206,1
367,97,92,2
368,236,218,1
369,247,210,0
370,246,207,2
371,203,202,2
372,250,193,0
373,202,191,0
374,233,198,0
375,47,52,0
376,246,193,3
377,230,198,0
378,235,210,0
379,219,212,0
380,239,190,2
381,194,229,0
382,177,172,0
383,26,22,1
384,247,188,0
385,214,203,0
386,251,211,0
387,192,202,3
388,241,188,0
389,183,181,0
390,211,193,1
391,50,59,1
392,217,197,0
393,177,189,0
394,252,212,0
395,194,196,0
396,240,174,0
397,223,183,1
398,221,174,0
399,95,97,1
400,181,192,2
401,194,213,1
402,217,177,0
403,205,177,0
404,223,178,1
405,214,192,0
406,199,165,0
407,58,61,0
408,200,155,1
409,201,211,0
410,225,211,1
411,188,152,1
412,233,166,0
413,198,172,0
414,213,169,0
415,98,83,0
416,207,191,0
417,192,165,0
418,209,174,5
419,209,192,1
420,204,159,0
421,185,157,1
422,174,161,0
423,37,43,0
424,213,187,2
425,178,184,1
426,200,153,0
427,180,168,0
428,198,149,0
429,194,178,0
430,185,189,1
431,71,90,2
432,215,174,0
433,185,181,0
434,208,182,2
435,170,195,0
436,207,160,0
437,168,155,1
438,195,130,1
439,56,35,0
440,220,153,1
441,217,148,0
442,187,148,0
443,160,198,0
444,221,151,0
445,179,178,1
446,185,164,2
447,85,78,1
448,195,148,0
449,184,159,0
450,182,161,0
451,175,163,0
452,213,159,0
453,189,166,0
454,194,147,0
455,35,36,0
456,200,166,0
457,174,154,0
458,186,121,0
459,161,129,1
460,212,142,1
461,166,158,0
462,196,155,0
463,68,60,1
464,181,154,1
465,211,167,1
466,174,133,0
467,170,162,0
468,198,157,0
469,193,137,1
470,179,148,0
471,38,35,0
472,189,148,2
473,171,158,0
474,150,158,1
475,175,136,1
476,156,130,1
477,189,147,2
478,167,138,0
479,66,76,0
480,194,144,0
481,170,130,0
482,184,140,0
483,155,148,0
484,188,144,1
485,193,149,1
486,159,119,1
487,31,34,1
488,173,117,1
489,176,119,0
490,187,133,0
491,143,144,0
492,172,142,1
493,174,152,1
494,183,140,2
495,70,62,1
496,164,115,2
497,184,135,1
498,189,125,0
499,166,133,0
500,176,106,0
501,164,107,0
502,153,126,0
503,30,27,0
504,162,121,3
505,169,133,0
506,182,136,0
507,172,128,0
508,187,117,3
509,160,132,1
510,182,108,0
511,1557,1148,1
512,179,133,0
513,157,105,0
514,178,96,1
515,157,106,1
516,201,114,0
517,169,119,0
518,175,92,1
519,30,26,2
520,175,94,1
521,151,103,0
522,177,88,1
523,139,108,2
524,187,102,0
525,163,111,0
526,168,91,0
527,69,48,0
528,163,104,0
529,150,119,0
530,180,81,1
531,144,96,0
532,158,100,0
533,159,108,2
534,130,103,0
535,27,33,2
536,135,113,0
537,120,97,0
538,149,121,0
539,144,96,0
540,167,89,0
541,146,108,0
542,155,89,0
543,68,60,1
544,151,98,1
545,152,98,2
546,155,94,0
547,176,106,0
548,162,92,0
549,144,122,0
550,165,93,0
551,24,19,0
552,127,85,0
553,147,92,1
554,149,86,0
555,120,93,2
556,146,83,0
557,136,90,1
558,152,73,1
559,75,32,0
560,148,96,1
561,115,90,0
562,151,86,1
563,121,87,0
564,139,101,0
565,137,92,0
566,123,82,0
567,30,26,1
568,140,75,1
569,136,88,0
570,145,76,2
571,143,93,1
572,122,83,0
573,117,90,0
574,140,86,1
575,56,32,1
576,135,90,0
577,140,89,0
578,139,97,2
579,141,89,0
580,146,72,0
581,144,83,0
582,133,71,1
583,29,23,0
584,126,81,2
585,138,74,0
586,152,79,1
587,116,88,1
588,133,67,0
589,137,72,2
590,149,84,0
591,63,40,0
592,123,84,1
593,125,88,1
594,138,105,0
595,114,91,0
596,128,69,1
597,126,62,1
598,108,78,0
599,33,19,1
600,112,53,0
601,123,87,1
602,136,67,1
603,113,82,0
604,134,78,0
605,122,73,0
606,121,67,0
607,58,36,0
608,107,79,1
609,129,71,1
610,129,70,0
611,103,78,0
612,120,68,0
613,114,85,1
614,109,61,0
615,30,14,3
616,108,57,1
617,140,71,2
618,102,68,1
619,103,55,1
620,118,66,1
621,121,75,0
622,116,77,0
623,33,37,1
624,131,67,0
625,125,61,0
626,106,72,2
627,99,68,0
628,116,72,0
629,104,72,0
630,110,54,1
631,19,18,1
632,119,59,0
633,118,61,0
634,123,60,2
635,95,61,0
636,112,53,2
637,98,58,1
638,88,52,0
639,5,8,1
640,103,63,1
641,100,67,1
642,97,53,0
643,88,57,0
644,94,64,0
645,106,67,2
646,98,63,0
647,25,17,2
648,103,68,0
649,94,57,0
650,77,48,0
651,101,58,3
652,122,61,0
653,85,58,2
654,83,54,0
655,40,28,1
656,111,47,1
657,81,66,1
658,88,45,2
659,96,46,2
660,83,50,1
661,105,50,1
662,86,56,2
663,15,19,2
664,90,54,0
665,91,71,1
666,102,49,3
667,83,44,0
668,114,53,1
669,81,54,1
670,106,54,0
671,40,33,3
672,81,54,2
673,73,53,0
674,81,53,2
675,80,48,1
676,80,44,0
677,89,51,0
678,95,45,0
679,17,8,3
680,100,39,2
681,80,35,2
682,86,40,0
683,82,38,0
684,76,47,2
685,92,41,2
686,72,57,1
687,35,15,3
688,76,47,1
689,75,43,0
690,83,49,1
691,85,49,1
692,94,36,0
693,70,39,2
694,63,56,1
695,16,12,0
696,61,45,2
697,78,42,1
698,79,57,4
699,59,59,3
700,76,43,2
701,73,43,2
702,66,32,2
703,27,14,4
704,74,37,0
705,75,35,0
706,61,39,1
707,77,43,0
708,80,35,2
709,78,45,1
710,70,39,0
711,15,10,1
712,80,36,0
713,68,37,0
714,71,32,4
715,71,43,0
716,67,29,3
717,77,36,0
718,72,27,4
719,31,11,2
720,81,29,1
721,82,31,1
722,87,43,1
723,67,35,0
724,73,40,1
725,65,43,4
726,63,37,3
727,16,14,1
728,79,34,1
729,79,55,1
730,61,39,1
731,72,37,2
732,78,25,2
733,74,29,1
734,94,29,4
735,29,9,1
736,87,39,0
737,88,32,0
738,76,36,1
739,78,37,0
740,90,32,4
741,92,26,1
742,92,35,2
743,17,11,0
744,79,26,2
745,86,35,1
746,87,40,2
747,91,47,2
748,80,41,1
749,74,42,2
750,100,34,3
751,35,16,2
752,90,38,2
753,86,36,1
754,100,44,2
755,92,46,2
756,97,38,2
757,93,44,2
758,92,31,1
759,21,8,2
760,93,51,1
761,91,39,2
762,101,46,1
763,98,27,1
764,84,40,4
765,83,44,0
766,101,35,2
767,50,15,1
768,105,37,4
769,86,39,1
770,110,38,1
771,79,47,3
772,78,50,3
773,99,43,3
774,82,47,2
775,17,5,0
776,82,44,2
777,91,35,3
778,96,49,2
779,97,52,2
780,97,47,3
781,94,45,2
782,92,46,0
783,26,23,0
784,94,39,2
785,101,57,3
786,98,47,2
787,88,42,3
788,106,36,5
789,94,47,2
790,97,55,2
791,21,12,1
792,101,52,0
793,101,43,3
794,90,47,2
795,78,52,6
796,74,51,4
797,84,41,3
798,94,40,2
799,42,20,3
800,97,44,1
801,99,48,1
802,103,52,4
803,85,50,1
804,88,51,3
805,84,39,2
806,80,46,2
807,20,4,1
808,100,46,4
809,97,42,1
810,84,45,1
811,87,60,2
812,82,65,2
813,83,47,2
814,104,61,1
815,43,21,4
816,88,46,2
817,95,44,1
818,79,37,3
819,63,47,3
820,88,46,3
821,90,49,2
822,75,44,1
823,20,14,5
824,102,51,5
825,106,46,1
826,77,50,5
827,83,48,2
828,88,34,3
829,83,58,2
830,87,46,4
831,33,19,1
832,69,57,3
833,74,46,5
834,92,52,4
835,71,45,0
836,85,47,2
837,103,56,4
838,71,52,7
839,15,7,2
840,77,52,1
841,73,48,5
842,79,49,4
843,90,45,2
844,88,41,4
845,80,53,7
846,66,52,2
847,39,17,3
848,70,34,5
849,85,49,4
850,77,53,3
851,77,54,6
852,65,36,1
853,69,46,3
854,83,34,2
855,21,13,5
856,75,41,5
857,88,40,0
858,80,42,4
859,77,46,2
860,82,41,4
861,78,50,6
862,65,46,3
863,19,25,7
864,70,53,2
865,74,58,3
866,78,34,5
867,68,39,9
868,83,45,3
869,77,49,2
870,56,44,4
871,15,11,3
872,63,40,5
873,80,47,8
874,59,39,1
875,63,65,3
876,69,50,2
877,71,46,7
878,72,45,1
879,38,21,6
880,79,43,6
881,84,47,7
882,75,40,2
883,66,50,1
884,72,49,2
885,64,53,1
886,65,51,6
887,14,16,4
888,80,44,4
889,85,43,1
890,71,46,4
891,54,39,2
892,65,39,0
893,54,52,5
894,61,42,6
895,4,10,1
896,63,47,4
897,78,49,4
898,70,46,3
899,67,51,6
900,58,39,0
901,67,57,7
902,62,37,4
903,15,12,2
904,79,45,4
905,64,42,2
906,61,46,2
907,62,61,5
908,68,51,6
909,69,48,6
910,59,49,4
911,30,20,3
912,70,58,3
913,61,58,1
914,49,40,3
915,57,46,4
916,62,49,7
917,63,53,6
918,51,32,5
919,11,13,6
920,55,42,4
921,53,41,3
922,61,51,7
923,63,48,4
924,58,61,4
925,47,53,8
926,60,47,4
927,27,30,5
928,58,43,5
929,58,44,1
930,68,40,4
931,48,64,2
932,68,46,3
933,63,50,8
934,50,47,5
935,15,13,2
936,62,61,2
937,50,62,5
938,56,51,3
939,51,51,6
940,66,47,0
941,77,52,8
942,66,46,5
943,28,22,6
944,52,52,9
945,51,49,6
946,56,41,3
947,58,66,6
948,51,46,8
949,59,40,4
950,55,52,3
951,11,12,5
952,66,42,4
953,68,64,3
954,47,50,4
955,59,44,6
956,53,47,1
957,54,44,6
958,50,48,9
959,23,25,8
960,60,53,5
961,56,61,5
962,41,57,5
963,56,43,1
964,50,45,3
965,62,47,6
966,49,55,6
967,15,16,8
968,56,45,3
969,63,59,3
970,45,47,6
971,55,63,8
972,53,39,7
973,49,53,8
974,62,43,6
975,19,32,3
976,48,51,5
977,45,50,4
978,71,39,6
979,49,58,9
980,54,55,9
981,58,62,4
982,44,49,10
983,12,4,7
984,58,46,7
985,51,61,5
986,54,50,7
987,49,65,3
988,55,59,4
989,59,49,6
990,51,53,5
991,27,30,7
992,53,66,3
993,54,54,4
994,53,41,7
995,41,48,7
996,56,43,6
997,53,49,7
998,64,39,7
999,10,11,5
1000,55,49,6
1001,43,69,12
1002,50,44,5
1003,62,46,5
1004,53,47,5
1005,67,53,7
1006,44,40,4
1007,25,33,9
1008,49,42,6
1009,52,60,14
1010,35,48,11
1011,44,57,5
1012,49,66,3
1013,58,68,4
1014,57,49,4
1015,10,10,11
1016,60,53,7
1017,60,54,4
1018,52,63,7
1019,56,54,4
1020,42,53,9
1021,40,55,7
1022,40,53,9
1023,31,36,15
1024,60,62,4
1025,53,71,9
1026,46,53,10
1027,60,59,10
1028,41,63,7
1029,46,61,8
1030,51,52,4
1031,9,15,7
1032,46,45,8
1033,49,52,9
1034,35,46,8
1035,49,52,5
1036,49,57,12
1037,52,67,6
1038,58,46,3
1039,25,29,10
1040,52,43,4
1041,42,61,9
1042,36,43,6
1043,37,63,5
1044,45,47,2
1045,53,48,5
1046,47,56,8
1047,7,11,8
1048,43,50,7
1049,62,74,12
1050,48,42,9
1051,46,66,12
1052,28,63,7
1053,60,54,15
1054,40,51,3
1055,33,23,6
1056,53,50,3
1057,45,51,6
1058,44,66,12
1059,47,47,8
1060,39,62,13
1061,49,59,9
1062,49,57,10
1063,12,13,7
1064,56,63,5
1065,42,71,5
1066,54,68,12
1067,43,61,8
1068,41,60,12
1069,51,55,4
1070,48,52,9
1071,22,32,14
1072,56,55,6
1073,59,61,9
1074,48,51,11
1075,53,54,3
1076,50,53,6
1077,59,53,7
1078,35,41,7
1079,12,14,10
1080,59,58,12
1081,56,56,11
1082,52,50,16
1083,55,52,3
1084,36,52,12
1085,50,72,6
1086,60,47,7
1087,28,20,10
1088,53,56,8
1089,49,59,9
1090,52,55,9
1091,41,61,9
1092,50,51,10
1093,39,53,4
1094,45,56,5
1095,14,15,8
1096,47,70,10
1097,43,58,6
1098,50,46,11
1099,58,77,6
1100,55,58,8
1101,39,59,8
1102,49,63,11
1103,21,23,9
1104,54,44,10
1105,46,55,6
1106,48,50,6
1107,55,63,15
1108,55,58,11
1109,60,54,7
1110,38,46,6
1111,11,19,14
1112,53,54,11
1113,50,71,13
1114,45,59,10
1115,42,57,10
1116,52,57,8
1117,57,66,14
1118,44,61,12
1119,19,31,9
1120,42,46,5
1121,57,66,9
1122,34,64,10
1123,56,58,9
1124,49,59,10
1125,58,70,9
1126,41,61,5
1127,9,21,8
1128,47,67,12
1129,42,62,13
1130,44,63,11
1131,55,60,12
1132,41,57,11
1133,51,64,8
1134,39,60,13
1135,27,23,17
1136,46,64,12
1137,66,70,15
1138,46,55,11
1139,40,65,9
1140,42,55,14
1141,53,63,13
1142,52,45,11
1143,9,17,10
1144,53,53,15
1145,43,66,9
1146,42,51,12
1147,51,73,10
1148,41,46,13
1149,48,64,15
1150,37,42,11
1151,4,5,13
1152,50,66,19
1153,46,57,10
1154,37,63,14
1155,50,70,12
1156,61,60,15
1157,51,56,10
1158,50,54,10
1159,7,15,7
1160,63,46,16
1161,48,60,6
1162,49,67,7
1163,42,53,17
1164,48,51,14
1165,38,63,6
1166,51,58,9
1167,21,21,13
1168,56,53,16
1169,51,62,15
1170,60,64,19
1171,57,64,12
1172,44,66,10
1173,58,66,15
1174,56,53,22
1175,10,15,13
1176,46,81,18
1177,33,70,17
1178,47,71,12
1179,35,63,12
1180,36,50,14
1181,36,60,13
1182,60,65,13
1183,19,36,13
1184,52,57,16
1185,54,61,15
1186,46,56,17
1187,59,51,11
1188,50,59,9
1189,52,62,13
1190,47,47,28
1191,10,16,9
1192,55,53,12
1193,59,75,19
1194,42,53,17
1195,48,57,12
1196,44,58,11
1197,51,55,15
1198,52,64,21
1199,23,38,19
1200,45,56,12
1201,58,62,14
1202,52,59,18
1203,59,51,13
1204,52,57,17
1205,50,62,12
1206,37,55,18
1207,10,11,12
1208,43,70,16
1209,58,53,15
1210,40,55,16
1211,54,45,11
1212,69,45,15
1213,52,67,17
1214,55,46,22
1215,20,29,17
1216,39,43,19
1217,58,68,18
1218,50,52,9
1219,56,56,17
1220,51,54,21
1221,60,70,13
1222,45,47,20
1223,12,16,8
1224,41,61,16
1225,57,55,14
1226,48,44,15
1227,57,36,9
1228,64,49,23
1229,68,71,12
1230,50,56,12
1231,18,29,14
1232,53,50,13
1233,56,66,21
1234,48,41,14
1235,48,63,11
1236,67,50,23
1237,46,60,10
1238,33,56,18
1239,11,11,11
1240,62,51,20
1241,36,55,16
1242,38,39,20
1243,54,51,21
1244,53,53,18
1245,52,60,11
1246,51,43,18
1247,22,27,14
1248,68,52,12
1249,54,61,11
1250,56,50,21
1251,52,54,30
1252,65,55,12
1253,72,51,22
1254,68,71,23
1255,19,16,21
1256,56,48,21
1257,52,59,15
1258,51,48,13
1259,58,51,19
1260,50,64,17
1261,49,59,23
1262,49,40,20
1263,22,18,15
1264,58,51,17
1265,61,58,20
1266,50,50,17
1267,53,49,27
1268,57,55,19
1269,67,69,15
1270,50,43,17
1271,18,12,25
1272,61,54,19
1273,68,70,17
1274,61,36,24
1275,63,59,25
1276,55,54,23
1277,57,65,25
1278,44,50,16
1279,28,28,18
1280,56,62,12
1281,59,65,17
1282,55,51,21
1283,52,64,25
1284,52,57,19
1285,49,56,14
1286,51,65,29
1287,18,13,25
1288,49,57,18
1289,55,60,19
1290,55,52,18
1291,50,43,15
1292,61,43,16
1293,55,59,15
1294,66,52,15
1295,24,23,18
1296,65,60,13
1297,60,55,27
1298,51,51,16
1299,72,55,15
1300,62,53,21
1301,58,47,20
1302,50,47,17
1303,18,12,19
1304,67,52,12
1305,65,56,22
1306,58,55,22
1307,57,63,14
1308,46,57,16
1309,59,52,20
1310,59,52,18
1311,21,21,18
1312,53,47,28
1313,69,64,18
1314,55,45,22
1315,50,67,18
1316,57,44,28
1317,65,61,15
1318,55,40,18
1319,11,13,22
1320,74,51,18
1321,66,46,18
1322,53,46,15
1323,51,51,20
1324,51,38,18
1325,75,61,20
1326,57,50,12
1327,29,28,23
1328,53,46,22
1329,69,54,20
1330,61,59,20
1331,57,54,18
1332,64,44,30
1333,77,56,15
1334,59,34,9
1335,15,5,16
1336,64,45,16
1337,53,50,12
1338,53,38,24
1339,68,50,22
1340,55,35,21
1341,61,60,17
1342,73,58,25
1343,33,16,7
1344,70,48,19
1345,67,45,16
1346,60,51,19
1347,54,56,16
1348,63,42,21
1349,71,52,24
1350,45,36,21
1351,11,7,16
1352,76,51,17
1353,66,45,19
1354,61,47,16
1355,65,52,20
1356,62,31,18
1357,66,38,20
1358,68,46,20
1359,30,29,26
1360,58,43,17
1361,74,40,17
1362,64,33,20
1363,68,47,14
1364,47,55,23
1365,60,65,20
1366,57,34,21
1367,14,10,20
1368,50,39,20
1369,66,61,19
1370,54,45,23
1371,65,41,15
1372,56,33,17
1373,64,54,16
1374,64,48,21
1375,34,33,21
1376,67,56,19
1377,63,45,17
1378,71,40,14
1379,54,45,16
1380,65,32,12
1381,73,57,14
1382,52,45,12
1383,9,8,19
1384,57,45,20
1385,75,49,25
1386,60,37,14
1387,75,54,24
1388,72,39,8
1389,74,56,22
1390,49,56,16
1391,24,23,17
1392,63,46,26
1393,61,52,14
1394,63,43,21
1395,62,50,22
1396,63,35,20
1397,62,46,21
1398,59,31,17
1399,19,14,18
1400,78,56,13
1401,75,50,18
1402,46,45,12
1403,50,48,15
1404,51,44,22
1405,55,44,17
1406,50,36,12
1407,11,11,22
1408,73,41,17
1409,71,52,20
1410,56,33,24
1411,63,56,25
1412,59,42,19
1413,60,57,26
1414,44,31,26
1415,14,8,25
1416,56,48,22
1417,71,41,22
1418,53,30,18
1419,76,48,18
1420,58,46,22
1421,74,50,18
1422,66,47,13
1423,23,28,15
1424,43,50,17
1425,64,49,19
1426,63,46,19
1427,59,45,18
1428,56,39,20
1429,62,49,16
1430,50,37,23
1431,10,12,11
1432,66,51,16
1433,69,52,14
1434,58,34,21
1435,75,46,10
1436,63,44,9
1437,61,51,16
1438,70,41,20
1439,31,20,20
1440,56,46,15
1441,66,52,19
1442,65,33,21
1443,52,36,20
1444,58,31,13
1445,67,45,12
1446,51,38,31
1447,8,15,11
1448,59,36,10
1449,61,47,23
1450,65,36,19
1451,71,50,13
1452,61,40,16
1453,64,55,22
1454,74,40,18
1455,34,24,24
1456,70,38,18
1457,70,52,26
1458,73,36,22
1459,51,51,19
1460,64,45,17
1461,73,38,23
1462,54,37,17
1463,18,8,23
1464,64,49,20
1465,66,44,21
1466,58,44,18
1467,76,40,16
1468,61,38,17
1469,66,30,10
1470,57,44,24
1471,18,23,19
1472,66,30,13
1473,83,45,18
1474,53,30,16
1475,67,43,19
1476,51,45,20
1477,72,49,25
1478,54,32,20
1479,13,12,23
1480,64,43,20
1481,58,28,21
1482,73,39,22
1483,64,32,21
1484,55,34,18
1485,79,39,17
1486,53,27,13
1487,23,19,21
1488,53,33,26
1489,71,50,10
1490,54,42,15
1491,54,58,11
1492,60,36,18
1493,51,48,17
1494,53,21,17
1495,18,7,16
1496,85,39,9
1497,57,35,25
1498,59,36,24
1499,68,47,16
1500,45,29,18
1501,66,38,13
1502,52,34,13
1503,27,15,19
1504,62,30,9
1505,61,46,14
1506,35,44,19
1507,58,37,19
1508,56,47,10
1509,67,43,14
1510,38,31,23
1511,20,9,22
1512,56,26,16
1513,64,49,14
1514,54,30,15
1515,59,42,17
1516,62,34,24
1517,54,31,21
1518,49,35,16
1519,29,18,14
1520,42,34,12
1521,61,44,24
1522,65,28,13
1523,49,30,18
1524,56,34,10
1525,61,37,12
1526,50,26,16
1527,16,11,16
1528,58,33,26
1529,59,33,17
1530,47,36,11
1531,53,35,15
1532,54,26,12
1533,73,40,15
1534,58,40,18
1535,487,295,14
1536,62,28,14
1537,53,35,19
1538,56,30,17
1539,53,41,16
1540,54,40,26
1541,53,48,15
1542,34,30,16
1543,6,5,12
1544,54,30,17
1545,59,22,13
1546,52,31,11
1547,52,43,19
1548,56,30,11
1549,62,41,15
1550,59,26,19
1551,26,17,11
1552,48,25,19
1553,59,33,21
1554,52,25,11
1555,70,30,10
1556,55,27,12
1557,65,41,13
1558,45,19,11
1559,11,5,7
1560,56,41,20
1561,71,37,11
1562,54,25,8
1563,57,32,13
1564,50,29,10
1565,63,27,18
1566,59,31,10
1567,38,20,18
1568,54,31,14
1569,65,37,12
1570,54,20,13
1571,54,31,15
1572,46,39,14
1573,54,38,13
1574,45,28,13
1575,10,11,24
1576,52,26,13
1577,65,22,9
1578,49,33,13
1579,55,41,8
1580,53,33,14
1581,58,34,17
1582,60,20,11
1583,28,14,15
1584,42,25,12
1585,72,40,8
1586,47,19,10
1587,37,28,11
1588,48,31,11
1589,71,37,10
1590,38,34,19
1591,22,9,13
1592,57,41,10
1593,58,29,19
1594,45,27,17
1595,59,38,10
1596,38,24,24
1597,46,37,12
1598,58,23,14
1599,22,8,15
1600,47,33,6
1601,65,35,15
1602,36,35,13
1603,56,28,7
1604,56,35,10
1605,58,31,8
1606,39,36,14
1607,12,5,9
1608,46,34,10
1609,64,36,12
1610,37,24,20
1611,42,30,17
1612,39,25,12
1613,60,44,10
1614,57,21,9
1615,15,11,13
1616,36,28,15
1617,40,34,16
1618,50,20,15
1619,50,37,12
1620,55,29,18
1621,57,33,8
1622,40,28,10
1623,13,5,18
1624,36,27,17
1625,53,33,10
1626,43,26,13
1627,51,41,11
1628,52,36,12
1629,57,35,15
1630,40,32,9
1631,27,20,15
1632,39,31,7
1633,52,30,13
1634,51,30,8
1635,48,26,7
1636,42,25,13
1637,46,36,10
1638,47,26,9
1639,16,3,13
1640,48,25,20
1641,44,35,15
1642,34,34,13
1643,44,25,6
1644,32,31,13
1645,42,31,13
1646,38,27,10
1647,17,13,10
1648,50,18,10
1649,39,40,15
1650,37,30,6
1651,46,30,12
1652,47,25,9
1653,51,40,12
1654,43,20,11
1655,12,8,13
1656,44,30,14
1657,44,35,16
1658,47,30,13
1659,45,40,14
1660,46,25,11
1661,40,28,16
1662,40,21,12
1663,2,5,15
1664,36,35,18
1665,57,30,4
1666,33,27,6
1667,43,43,7
1668,43,25,13
1669,39,32,11
1670,43,22,13
1671,19,8,14
1672,33,38,9
1673,45,20,10
1674,44,22,9
1675,43,22,8
1676,45,27,16
1677,54,33,6
1678,45,25,11
1679,23,12,17
1680,48,21,11
1681,52,35,14
1682,31,34,13
1683,69,33,15
1684,47,34,7
1685,47,27,10
1686,35,15,12
1687,8,5,10
1688,40,34,20
1689,47,26,10
1690,34,34,12
1691,50,27,8
1692,36,20,11
1693,53,33,10
1694,29,26,15
1695,31,14,11
1696,33,30,8
1697,37,31,10
1698,47,26,7
1699,62,31,5
1700,38,17,15
1701,33,28,10
1702,45,26,10
1703,13,12,13
1704,55,30,15
1705,39,29,15
1706,43,24,14
1707,48,37,12
1708,42,26,15
1709,40,30,9
1710,44,28,8
1711,13,7,14
1712,46,34,13
1713,49,23,7
1714,24,26,8
1715,44,31,5
1716,27,23,8
1717,37,18,9
1718,40,15,10
1719,11,10,11
1720,35,33,9
1721,42,32,12
1722,25,26,10
1723,37,23,5
1724,36,26,13
1725,31,39,15
1726,31,19,6
1727,14,5,10
1728,29,25,4
1729,27,25,10
1730,31,22,6
1731,52,20,9
1732,36,21,7
1733,41,31,12
1734,28,16,9
1735,10,7,7
1736,40,19,4
1737,47,18,8
1738,37,28,10
1739,47,17,14
1740,33,32,11
1741,41,26,7
1742,27,23,8
1743,26,17,12
1744,36,27,10
1745,47,26,8
1746,37,30,10
1747,48,18,6
1748,37,24,8
1749,42,26,8
1750,29,24,11
1751,8,1,13
1752,37,27,13
1753,32,24,7
1754,21,30,10
1755,38,29,13
1756,36,16,5
1757,33,31,9
1758,27,21,7
1759,20,19,9
1760,25,24,9
1761,36,31,4
1762,28,22,11
1763,52,28,10
1764,30,23,9
1765,55,21,8
1766,27,23,5
1767,8,8,9
1768,39,20,9
1769,43,19,9
1770,32,24,7
1771,34,28,8
1772,41,24,9
1773,33,29,5
1774,29,18,6
1775,19,8,14
1776,27,21,7
1777,37,26,4
1778,32,27,9
1779,45,27,8
1780,38,25,5
1781,39,16,10
1782,26,24,5
1783,13,5,11
1784,39,20,9
1785,28,26,3
1786,38,22,9
1787,41,23,8
1788,33,23,8
1789,33,30,5
1790,35,27,7
1791,23,9,7
1792,27,25,9
1793,34,20,8
1794,25,17,9
1795,40,37,9
1796,46,18,8
1797,43,27,8
1798,26,18,9
1799,7,6,6
1800,24,29,13
1801,37,25,1
1802,26,20,9
1803,34,29,5
1804,41,28,4
1805,28,25,12
1806,24,12,6
1807,19,12,16
1808,37,18,11
1809,39,23,2
1810,30,24,11
1811,31,25,7
1812,23,22,5
1813,37,22,8
1814,25,24,6
1815,10,4,5
1816,32,33,7
1817,34,24,13
1818,33,21,3
1819,45,31,11
1820,30,21,10
1821,41,24,6
1822,33,21,2
1823,25,7,3
1824,33,24,7
1825,33,12,11
1826,32,18,8
1827,32,21,7
1828,27,20,7
1829,33,24,4
1830,31,22,12
1831,6,4,8
1832,33,24,3
1833,28,22,4
1834,27,16,7
1835,35,24,3
1836,25,14,7
1837,37,34,12
1838,19,26,12
1839,11,16,8
1840,21,16,11
1841,26,26,7
1842,33,22,4
1843,21,19,8
1844,35,15,6
1845,38,30,6
1846,34,17,7
1847,10,4,6
1848,24,18,11
1849,28,24,4
1850,29,20,7
1851,29,27,6
1852,27,13,7
1853,37,17,6
1854,26,14,6
1855,13,9,7
1856,27,20,5
1857,28,22,7
1858,27,15,5
1859,31,21,7
1860,28,20,3
1861,33,23,4
1862,16,18,9
1863,6,7,5
1864,27,24,8
1865,31,25,6
1866,33,13,3
1867,24,18,3
1868,27,26,8
1869,26,29,5
1870,21,23,6
1871,20,7,5
1872,24,21,7
1873,20,20,12
1874,24,16,7
1875,34,17,11
1876,31,19,6
1877,29,24,3
1878,27,15,6
1879,6,5,6
1880,27,18,5
1881,43,26,8
1882,35,18,4
1883,35,18,3
1884,35,17,4
1885,37,21,4
1886,27,23,8
1887,14,14,7
1888,26,22,6
1889,46,20,11
1890,32,17,2
1891,34,22,9
1892,24,12,10
1893,27,22,9
1894,26,21,6
1895,8,7,5
1896,30,22,3
1897,37,23,7
1898,26,21,4
1899,35,20,9
1900,27,19,3
1901,29,17,10
1902,14,8,5
1903,19,11,7
1904,22,24,4
1905,34,17,3
1906,16,14,3
1907,21,23,7
1908,32,18,1
1909,27,23,7
1910,16,20,1
1911,11,4,4
1912,32,22,5
1913,29,22,5
1914,32,16,7
1915,25,17,0
1916,36,16,8
1917,28,9,2
1918,20,19,5
1919,4,2,3
1920,29,22,6
1921,29,23,6
1922,25,21,6
1923,21,13,2
1924,24,16,6
1925,34,25,7
1926,19,13,6
1927,8,8,6
1928,28,21,3
1929,35,19,4
1930,21,13,5
1931,27,22,4
1932,20,15,5
1933,24,17,10
1934,19,18,8
1935,8,12,10
1936,20,15,7
1937,22,21,2
1938,22,12,1
1939,24,27,1
1940,33,16,6
1941,27,20,4
1942,16,10,6
1943,8,1,10
1944,24,11,6
1945,33,28,2
1946,15,19,6
1947,26,18,4
1948,28,19,3
1949,36,24,7
1950,27,9,4
1951,11,12,4
1952,27,16,9
1953,27,20,4
1954,30,22,4
1955,32,22,8
1956,24,25,5
1957,23,21,4
1958,30,19,5
1959,9,2,11
1960,29,11,8
1961,29,19,2
1962,17,17,4
1963,32,18,7
1964,20,26,2
1965,35,23,5
1966,29,16,2
1967,7,17,5
1968,18,19,3
1969,31,20,5
1970,19,13,3
1971,30,18,5
1972,23,11,0
1973,23,17,3
1974,24,13,2
1975,8,5,4
1976,24,23,3
1977,19,24,4
1978,18,16,3
1979,22,21,8
1980,19,14,2
1981,28,27,8
1982,25,17,2
1983,15,7,0
1984,28,22,5
1985,27,22,5
1986,21,18,6
1987,27,12,4
1988,17,15,5
1989,29,18,4
1990,25,11,4
1991,4,0,2
1992,25,17,5
1993,29,15,3
1994,24,17,1
1995,30,11,5
1996,24,15,4
1997,21,18,2
1998,27,10,4
1999,10,12,2
2000,23,20,10
2001,30,19,2
2002,20,13,7
2003,32,19,3
2004,19,14,8
2005,19,12,5
2006,16,11,7
2007,6,6,6
2008,17,15,3
2009,17,16,4
2010,20,11,4
2011,23,14,3
2012,17,9,3
2013,23,23,7
2014,18,18,3
2015,12,12,7
2016,27,20,3
2017,25,17,3
2018,25,9,3
2019,32,13,5
2020,19,13,5
2021,34,15,4
2022,18,20,3
2023,4,9,2
2024,20,17,7
2025,27,22,4
2026,31,14,4
2027,17,17,3
2028,20,17,2
2029,21,21,4
2030,18,7,3
2031,15,6,1
2032,15,15,4
2033,33,21,5
2034,22,12,3
2035,18,30,4
2036,16,20,4
2037,20,17,3
2038,26,12,2
2039,3,4,3
2040,13,11,2
2041,30,20,1
2042,23,12,5
2043,28,21,2
2044,23,23,5
2045,30,18,2
2046,18,13,3
2047,2,2,5
2048,26,21,2
2049,27,13,1
2050,18,10,3
2051,27,21,8
2052,22,17,1
2053,31,20,5
2054,19,11,2
2055,6,8,2
2056,22,11,4
2057,19,15,1
2058,21,23,4
2059,21,17,2
2060,17,22,4
2061,22,17,2
2062,11,11,6
2063,10,8,4
2064,25,13,0
2065,27,17,3
2066,16,9,3
2067,22,16,5
2068,24,16,0
2069,24,16,2
2070,16,13,2
2071,4,5,2
2072,20,19,5
2073,28,19,1
2074,8,12,4
2075,26,21,2
2076,19,21,5
2077,21,24,0
2078,18,15,6
2079,12,6,3
2080,16,25,3
2081,19,13,3
2082,14,10,3
2083,15,11,4
2084,22,12,5
2085,24,17,3
2086,24,17,3
2087,4,3,4
2088,21,13,1
2089,28,16,2
2090,17,13,5
2091,23,20,5
2092,25,13,3
2093,31,19,2
2094,14,14,5
2095,8,10,1
2096,19,9,4
2097,17,9,2
2098,16,10,3
2099,20,15,2
2100,32,13,4
2101,35,23,4
2102,15,17,5
2103,4,5,5
2104,14,13,4
2105,25,20,1
2106,15,9,0
2107,31,10,4
2108,25,9,5
2109,34,18,2
2110,17,21,3
2111,12,8,3
2112,30,18,7
2113,25,16,2
2114,27,8,3
2115,26,18,8
2116,30,14,2
2117,39,14,1
2118,16,9,0
2119,6,2,3
2120,32,12,1
2121,30,20,3
2122,32,14,3
2123,25,22,1
2124,28,13,3
2125,35,10,2
2126,17,16,2
2127,10,9,6
2128,26,20,3
2129,27,20,2
2130,18,13,3
2131,36,14,1
2132,26,16,1
2133,28,22,3
2134,17,12,1
2135,9,4,5
2136,22,21,2
2137,30,20,3
2138,21,18,3
2139,28,16,1
2140,19,15,3
2141,22,17,6
2142,21,22,2
2143,11,13,7
2144,23,19,3
2145,43,24,1
2146,26,15,1
2147,32,15,7
2148,25,21,6
2149,33,16,3
2150,22,8,3
2151,7,4,0
2152,33,15,1
2153,26,20,4
2154,14,17,6
2155,26,19,0
2156,28,16,3
2157,31,17,6
2158,16,18,2
2159,15,8,3
2160,22,16,1
2161,31,20,3
2162,25,15,2
2163,31,17,8
2164,33,18,2
2165,28,23,4
2166,25,13,4
2167,10,4,3
2168,29,18,0
2169,26,17,4
2170,24,18,6
2171,23,24,4
2172,18,18,5
2173,25,17,2
2174,17,9,3
2175,3,2,1
2176,25,24,2
2177,27,23,1
2178,21,17,2
2179,34,25,7
2180,25,21,1
2181,21,21,3
2182,13,13,4
2183,7,5,3
2184,31,18,2
2185,38,26,4
2186,22,24,1
2187,35,22,5
2188,20,18,1
2189,25,20,2
2190,31,17,5
2191,10,8,2
2192,26,16,4
2193,28,16,2
2194,14,19,1
2195,20,24,1
2196,15,21,5
2197,24,15,2
2198,14,13,2
2199,1,4,2
2200,30,17,3
2201,26,23,4
2202,22,6,1
2203,24,15,1
2204,22,18,2
2205,21,19,1
2206,17,16,6
2207,18,5,1
2208,11,16,5
2209,27,11,2
2210,19,16,3
2211,19,21,4
2212,15,17,2
2213,26,25,3
2214,15,8,4
2215,6,6,0
2216,18,30,2
2217,21,16,2
2218,18,22,4
2219,25,13,3
2220,18,18,4
2221,16,17,4
2222,22,12,2
2223,10,5,2
2224,14,22,2
2225,18,11,1
2226,22,18,3
2227,29,8,1
2228,22,11,3
2229,32,25,3
2230,19,7,3
2231,4,2,1
2232,15,12,3
2233,21,13,1
2234,27,13,2
2235,16,11,5
2236,14,13,3
2237,25,19,1
2238,14,10,2
2239,10,2,0
2240,25,16,1
2241,28,14,5
2242,16,13,4
2243,21,17,3
2244,16,13,0
2245,22,16,3
2246,14,5,0
2247,7,5,2
2248,19,18,1
2249,18,16,1
2250,17,6,3
2251,21,9,1
2252,19,10,5
2253,19,12,1
2254,15,12,2
2255,4,3,3
2256,10,11,0
2257,13,11,1
2258,14,10,1
2259,17,16,5
2260,11,9,2
2261,18,9,4
2262,11,11,0
2263,1,1,4
2264,16,8,1
2265,13,14,1
2266,17,11,3
2267,14,8,4
2268,9,7,0
2269,20,9,3
2270,8,11,4
2271,5,5,1
2272,14,9,1
2273,17,14,3
2274,7,11,3
2275,17,9,5
2276,8,13,2
2277,10,10,3
2278,7,6,2
2279,4,0,3
2280,11,21,0
2281,13,16,2
2282,12,5,1
2283,10,16,3
2284,12,6,2
2285,10,8,1
2286,15,7,1
2287,5,3,0
2288,9,8,1
2289,14,12,2
2290,12,9,0
2291,9,7,2
2292,11,2,2
2293,12,11,2
2294,10,10,1
2295,1,0,0
2296,9,12,4
2297,13,9,0
2298,17,5,2
2299,11,6,1
2300,10,5,3
2301,13,13,0
2302,9,5,5
2303,5,5,1
2304,12,5,3
2305,14,8,2
2306,10,8,3
2307,17,3,2
2308,8,8,3
2309,12,11,2
2310,21,3,1
2311,3,2,1
2312,12,12,1
2313,12,13,2
2314,12,5,0
2315,12,10,2
2316,11,7,2
2317,13,13,5
2318,12,6,1
2319,5,1,0
2320,9,7,1
2321,13,12,1
2322,12,5,0
2323,13,5,1
2324,8,9,0
2325,13,8,1
2326,11,7,1
2327,3,4,4
2328,13,8,1
2329,11,5,3
2330,7,3,1
2331,13,6,1
2332,12,5,1
2333,8,9,0
2334,10,5,2
2335,2,2,2
2336,10,11,1
2337,6,9,1
2338,6,4,1
2339,9,5,0
2340,5,7,1
2341,8,8,2
2342,11,4,3
2343,1,3,1
2344,16,13,1
2345,14,10,4
2346,7,5,3
2347,10,5,1
2348,11,3,2
2349,11,12,1
2350,9,13,1
2351,9,4,1
2352,9,5,2
2353,14,12,1
2354,6,8,1
2355,15,6,2
2356,10,11,3
2357,16,8,2
2358,5,4,1
2359,0,1,2
2360,10,7,1
2361,14,7,4
2362,7,10,1
2363,8,6,1
2364,14,7,2
2365,13,7,2
2366,3,2,0
2367,3,2,0
2368,6,5,0
2369,9,12,2
2370,7,2,3
2371,8,4,3
2372,12,4,1
2373,10,9,0
2374,5,7,1
2375,3,0,0
2376,11,4,4
2377,9,5,0
2378,5,3,0
2379,10,12,1
2380,8,6,2
2381,6,9,0
2382,2,8,3
2383,10,5,0
2384,5,9,0
2385,8,6,2
2386,8,7,0
2387,5,6,1
2388,6,5,0
2389,8,7,3
2390,7,12,0
2391,2,3,1
2392,9,7,0
2393,11,10,0
2394,8,2,0
2395,8,13,2
2396,6,7,0
2397,9,9,2
2398,10,5,0
2399,5,5,3
2400,11,5,0
2401,17,5,1
2402,5,10,0
2403,10,6,0
2404,12,3,1
2405,15,6,1
2406,10,2,2
2407,2,0,2
2408,6,6,0
2409,14,7,1
2410,6,8,2
2411,10,5,0
2412,11,6,0
2413,10,8,1
2414,2,2,3
2415,1,3,1
2416,5,5,0
2417,9,7,0
2418,3,5,3
2419,12,6,2
2420,2,3,2
2421,5,4,1
2422,9,1,4
2423,2,0,1
2424,9,6,2
2425,14,6,0
2426,4,6,3
2427,7,4,2
2428,7,2,0
2429,6,6,2
2430,1,3,3
2431,0,1,0
2432,7,6,2
2433,9,5,0
2434,11,3,1
2435,5,6,0
2436,3,7,0
2437,4,7,0
2438,6,4,1
2439,2,0,1
2440,4,8,1
2441,10,5,0
2442,7,4,1
2443,10,4,2
2444,5,4,0
2445,11,8,1
2446,10,7,2
2447,3,3,0
2448,7,7,0
2449,4,10,1
2450,7,3,1
2451,5,8,0
2452,6,6,1
2453,8,2,1
2454,7,4,1
2455,5,1,0
2456,5,7,0
2457,7,7,3
2458,10,4,3
2459,5,2,2
2460,8,8,0
2461,4,6,3
2462,5,4,2
2463,6,0,0
2464,10,2,0
2465,9,4,1
2466,7,4,0
2467,13,3,1
2468,8,4,2
2469,7,7,2
2470,6,1,1
2471,2,2,0
2472,8,5,0
2473,7,4,2
2474,6,7,2
2475,8,4,1
2476,2,4,2
2477,10,8,0
2478,7,2,1
2479,2,6,0
2480,10,4,0
2481,7,3,1
2482,4,4,2
2483,10,5,0
2484,4,3,0
2485,10,5,2
2486,2,4,2
2487,0,1,1
2488,5,5,0
2489,12,8,2
2490,4,3,1
2491,5,4,0
2492,5,4,0
2493,11,7,0
2494,8,1,0
2495,2,2,0
2496,6,5,0
2497,8,3,0
2498,9,5,0
2499,6,2,1
2500,2,4,0
2501,7,3,3
2502,5,4,0
2503,2,1,0
2504,10,4,1
2505,5,8,1
2506,5,1,0
2507,6,4,0
2508,6,2,1
2509,6,5,1
2510,8,8,2
2511,2,2,1
2512,4,3,1
2513,6,5,0
2514,6,3,1
2515,7,3,0
2516,7,5,0
2517,7,7,3
2518,2,3,1
2519,2,2,0
2520,7,2,1
2521,8,5,1
2522,5,7,0
2523,11,7,1
2524,7,4,1
2525,7,3,3
2526,4,1,1
2527,4,3,0
2528,8,1,1
2529,11,3,0
2530,8,4,2
2531,6,2,3
2532,5,4,3
2533,8,3,0
2534,6,1,1
2535,2,0,0
2536,5,4,1
2537,6,5,0
2538,5,7,0
2539,10,7,1
2540,4,5,1
2541,4,5,0
2542,2,4,1
2543,3,1,1
2544,6,4,0
2545,12,4,0
2546,6,3,0
2547,5,4,0
2548,7,4,0
2549,7,4,0
2550,4,1,1
2551,1,3,1
2552,3,6,0
2553,7,6,0
2554,7,1,0
2555,8,2,0
2556,3,2,0
2557,2,2,1
2558,6,0,1
2559,50,35,0
2560,7,4,2
2561,4,7,2
2562,3,1,0
2563,8,6,1
2564,8,1,1
2565,6,2,0
2566,6,0,1
2567,2,1,0
2568,10,4,1
2569,7,3,1
2570,5,3,0
2571,6,3,0
2572,2,4,0
2573,4,5,0
2574,3,4,0
2575,0,2,1
2576,8,1,3
2577,7,5,0
2578,3,3,1
2579,1,4,1
2580,5,5,0
2581,7,7,1
2582,2,1,0
2583,3,2,1
2584,3,6,0
2585,3,6,0
2586,2,3,2
2587,7,5,0
2588,7,5,0
2589,9,4,1
2590,3,2,3
2591,1,1,1
2592,3,6,0
2593,5,4,0
2594,7,5,1
2595,6,4,0
2596,4,5,2
2597,7,5,2
2598,4,1,1
2599,2,1,1
2600,4,2,2
2601,6,4,1
2602,3,1,0
2603,3,2,1
2604,9,2,0
2605,5,2,1
2606,6,4,1
2607,2,3,0
2608,5,3,0
2609,5,5,0
2610,5,4,1
2611,4,4,0
2612,5,3,2
2613,4,5,0
2614,2,5,0
2615,3,0,0
2616,3,1,0
2617,5,4,0
2618,5,2,0
2619,5,1,0
2620,5,5,1
2621,6,5,0
2622,4,3,0
2623,1,0,0
2624,5,7,0
2625,3,5,1
2626,2,6,0
2627,5,3,0
2628,9,3,0
2629,9,4,1
2630,3,2,0
2631,3,0,1
2632,9,7,1
2633,5,1,1
2634,1,5,0
2635,6,0,0
2636,4,6,0
2637,10,2,3
2638,5,5,1
2639,2,1,0
2640,5,0,1
2641,3,5,0
2642,1,5,0
2643,3,2,2
2644,4,0,0
2645,5,2,0
2646,2,1,0
2647,1,2,0
2648,2,6,0
2649,5,2,1
2650,4,4,2
2651,2,3,0
2652,3,4,0
2653,4,5,1
2654,4,1,0
2655,3,0,0
2656,3,5,0
2657,3,2,0
2658,0,2,1
2659,8,2,0
2660,7,1,0
2661,4,5,0
2662,3,1,1
2663,1,2,0
2664,4,5,0
2665,6,0,0
2666,6,1,0
2667,7,3,0
2668,4,0,0
2669,4,3,0
2670,4,4,0
2671,1,1,1
2672,5,2,1
2673,3,3,0
2674,2,1,0
2675,8,2,0
2676,1,3,0
2677,4,2,0
2678,8,2,0
2679,0,2,0
2680,4,1,0
2681,4,1,1
2682,5,4,1
2683,2,3,1
2684,4,4,0
2685,4,1,2
2686,4,1,0
2687,1,0,0
2688,2,4,1
2689,5,4,1
2690,8,3,0
2691,6,6,0
2692,4,1,0
2693,6,8,1
2694,2,4,0
2695,1,1,0
2696,3,5,2
2697,3,1,0
2698,2,3,1
2699,3,0,0
2700,6,2,0
2701,5,3,0
2702,2,1,0
2703,2,2,0
2704,4,2,0
2705,5,3,0
2706,5,6,0
2707,4,2,0
2708,3,2,1
2709,4,6,0
2710,4,0,0
2711,1,2,0
2712,6,1,1
2713,8,6,0
2714,4,4,1
2715,6,3,0
2716,3,2,1
2717,3,4,0
2718,2,3,0
2719,3,1,0
2720,7,0,0
2721,3,5,0
2722,4,2,0
2723,11,3,1
2724,4,1,0
2725,2,2,0
2726,5,1,0
2727,0,0,0
2728,2,6,0
2729,1,2,1
2730,6,5,0
2731,7,4,0
2732,3,4,1
2733,4,2,1
2734,2,2,0
2735,2,1,0
2736,4,1,0
2737,4,3,0
2738,4,2,0
2739,4,1,1
2740,3,2,1
2741,5,2,0
2742,2,5,0
2743,0,0,0
2744,2,3,0
2745,2,3,0
2746,2,2,0
2747,8,2,1
2748,4,1,0
2749,4,1,0
2750,4,2,0
2751,1,1,0
2752,5,5,1
2753,3,8,0
2754,1,1,0
2755,2,2,1
2756,2,3,0
2757,4,3,0
2758,3,1,0
2759,0,2,1
2760,1,0,0
2761,1,2,1
2762,5,1,0
2763,2,4,0
2764,3,1,1
2765,2,4,0
2766,2,2,1
2767,1,2,1
2768,6,1,0
2769,3,4,1
2770,3,0,0
2771,4,2,0
2772,2,4,0
2773,2,4,0
2774,1,0,0
2775,0,0,0
2776,2,2,0
2777,4,1,0
2778,2,5,0
2779,2,0,0
2780,1,5,1
2781,3,3,1
2782,2,4,0
2783,1,0,0
2784,6,4,1
2785,2,7,0
2786,3,1,1
2787,6,6,0
2788,3,1,0
2789,4,0,0
2790,2,1,0
2791,1,0,1
2792,3,2,0
2793,1,2,0
2794,1,1,1
2795,4,2,0
2796,4,0,0
2797,14,5,0
2798,1,5,1
2799,2,0,0
2800,0,0,1
2801,5,2,0
2802,3,3,0
2803,1,6,0
2804,2,0,0
2805,1,6,0
2806,2,1,0
2807,1,0,0
2808,2,1,0
2809,3,1,0
2810,3,1,0
2811,3,0,0
2812,3,2,0
2813,2,2,0
2814,0,1,0
2815,5,1,0
2816,2,0,1
2817,5,2,0
2818,3,4,1
2819,5,2,0
2820,4,3,0
2821,4,2,0
2822,2,1,0
2823,1,1,0
2824,5,0,0
2825,3,5,0
2826,4,5,0
2827,2,2,0
2828,2,3,0
2829,5,1,0
2830,0,1,0
2831,1,1,0
2832,0,2,0
2833,2,2,1
2834,1,1,0
2835,2,2,0
2836,1,2,0
2837,2,4,0
2838,2,0,0
2839,0,0,0
2840,1,2,0
2841,5,3,0
2842,0,2,2
2843,7,2,0
2844,1,2,0
2845,5,4,1
2846,1,0,0
2847,0,4,0
2848,3,1,0
2849,5,2,0
2850,1,1,1
2851,4,1,0
2852,1,1,0
2853,2,3,0
2854,1,0,0
2855,1,0,1
2856,3,0,0
2857,6,2,0
2858,1,4,1
2859,3,3,0
2860,1,2,0
2861,2,2,1
2862,3,0,0
2863,1,4,0
2864,2,2,0
2865,2,4,0
2866,2,3,0
2867,3,3,0
2868,3,2,0
2869,4,5,1
2870,3,1,0
2871,2,0,2
2872,3,1,0
2873,2,2,0
2874,3,0,0
2875,2,1,0
2876,3,4,0
2877,7,1,0
2878,2,1,0
2879,1,0,0
2880,2,2,0
2881,3,1,0
2882,3,0,1
2883,1,5,0
2884,3,1,0
2885,3,2,0
2886,1,2,0
2887,0,0,1
2888,0,0,1
2889,3,0,1
2890,2,1,0
2891,4,2,1
2892,2,4,0
2893,4,1,0
2894,1,0,0
2895,1,2,1
2896,1,1,0
2897,2,1,0
2898,2,2,0
2899,3,2,0
2900,1,1,0
2901,4,4,0
2902,2,2,0
2903,3,0,1
2904,2,1,1
2905,5,3,0
2906,0,2,0
2907,1,2,0
2908,3,1,0
2909,3,3,0
2910,2,1,0
2911,2,0,0
2912,1,2,1
2913,1,1,0
2914,1,3,0
2915,4,1,1
2916,2,0,0
2917,2,2,0
2918,2,2,0
2919,0,1,0
2920,3,2,1
2921,3,1,1
2922,0,0,0
2923,3,3,0
2924,3,0,0
2925,4,2,1
2926,1,3,0
2927,3,0,0
2928,1,1,0
2929,3,1,0
2930,1,1,0
2931,3,3,1
2932,1,1,0
2933,0,1,0
2934,2,0,0
2935,0,0,0
2936,1,0,0
2937,4,0,0
2938,3,1,0
2939,7,3,0
2940,3,0,0
2941,3,3,1
2942,0,0,0
2943,0,0,0
2944,2,0,0
2945,2,1,0
2946,2,2,0
2947,3,1,0
2948,2,0,1
2949,6,2,0
2950,0,1,0
2951,0,0,1
2952,4,0,1
2953,3,3,0
2954,2,1,0
2955,4,1,0
2956,1,2,0
2957,2,2,0
2958,1,1,1
2959,0,2,0
2960,1,1,0
2961,3,3,0
2962,1,0,0
2963,0,3,0
2964,0,1,0
2965,0,1,0
2966,1,2,0
2967,0,2,0
2968,3,1,0
2969,1,3,0
2970,1,1,0
2971,3,2,1
2972,0,4,0
2973,2,3,0
2974,3,2,0
2975,1,0,0
2976,3,1,0
2977,2,0,0
2978,2,0,0
2979,0,2,0
2980,3,1,0
2981,1,0,0
2982,4,0,0
2983,0,2,0
2984,3,3,0
2985,3,0,0
2986,4,1,0
2987,2,0,0
2988,0,2,0
2989,1,1,2
2990,1,1,0
2991,0,2,0
2992,2,3,0
2993,1,1,0
2994,1,1,1
2995,4,0,0
2996,0,3,0
2997,2,3,1
2998,2,0,0
2999,0,1,0
3000,2,2,1
3001,4,2,0
3002,1,0,0
3003,2,3,2
3004,5,1,0
3005,0,0,0
3006,2,1,0
3007,2,2,0
3008,5,3,0
3009,1,0,1
3010,1,0,2
3011,0,2,1
3012,1,0,0
3013,1,1,0
3014,4,0,0
3015,0,0,0
3016,2,2,0
3017,1,0,1
3018,1,6,1
3019,1,6,0
3020,1,1,1
3021,3,7,0
3022,2,1,0
3023,0,0,0
3024,0,2,0
3025,2,2,0
3026,2,4,0
3027,4,0,0
3028,8,1,0
3029,1,2,0
3030,0,0,0
3031,1,0,0
3032,3,4,0
3033,4,1,0
3034,0,1,0
3035,0,0,1
3036,3,2,0
3037,5,0,0
3038,2,0,0
3039,1,1,0
3040,4,3,0
3041,1,3,1
3042,2,0,0
3043,1,2,0
3044,4,1,0
3045,1,2,3
3046,4,1,1
3047,1,1,0
3048,1,1,0
3049,5,2,0
3050,3,3,0
3051,1,4,0
3052,1,0,1
3053,1,3,0
3054,1,2,0
3055,4,1,0
3056,1,2,0
3057,3,1,0
3058,2,2,1
3059,2,1,0
3060,3,2,0
3061,2,4,0
3062,1,1,0
3063,2,1,0
3064,1,5,0
3065,3,5,0
3066,3,2,0
3067,3,6,0
3068,2,1,1
3069,6,2,0
3070,4,1,0
3071,4,1,0
3072,3,3,0
3073,1,4,0
3074,1,0,0
3075,3,3,0
3076,3,2,0
3077,2,3,1
3078,0,1,0
3079,3,1,0
3080,2,1,0
3081,1,3,0
3082,3,3,0
3083,4,0,0
3084,1,0,0
3085,5,0,0
3086,4,1,0
3087,0,1,0
3088,2,5,0
3089,2,6,0
3090,0,2,0
3091,2,2,0
3092,1,0,0
3093,2,3,0
3094,0,0,0
3095,0,0,0
3096,4,4,0
3097,2,2,0
3098,1,0,0
3099,1,4,0
3100,0,1,0
3101,2,3,0
3102,0,3,1
3103,1,0,0
3104,2,2,0
3105,3,5,1
3106,2,2,0
3107,4,1,0
3108,2,0,1
3109,1,2,0
3110,2,0,0
3111,1,1,0
3112,4,4,0
3113,6,2,0
3114,4,1,0
3115,1,5,0
3116,1,4,0
3117,4,2,0
3118,0,1,0
3119,2,2,1
3120,1,3,0
3121,4,3,0
3122,3,0,0
3123,3,3,0
3124,3,3,0
3125,4,4,0
3126,1,0,0
3127,1,0,0
3128,2,1,1
3129,2,2,0
3130,1,1,0
3131,2,4,0
3132,0,0,0
3133,2,1,0
3134,3,1,0
3135,1,0,0
3136,2,0,0
3137,3,3,0
3138,1,1,0
3139,3,3,0
3140,1,0,0
3141,2,4,0
3142,2,0,0
3143,0,0,0
3144,0,3,0
3145,0,0,0
3146,1,1,0
3147,0,1,0
3148,2,3,0
3149,2,2,0
3150,2,4,0
3151,0,0,0
3152,2,2,0
3153,2,1,0
3154,3,3,0
3155,1,2,0
3156,1,1,0
3157,1,1,0
3158,4,0,0
3159,3,0,0
3160,3,1,0
3161,3,1,0
3162,3,0,0
3163,1,4,0
3164,2,1,0
3165,4,2,0
3166,2,0,0
3167,2,2,0
3168,2,2,0
3169,4,2,0
3170,2,0,0
3171,1,1,0
3172,2,1,0
3173,2,1,0
3174,4,0,0
3175,1,0,0
3176,1,1,0
3177,1,3,0
3178,1,1,0
3179,3,1,0
3180,6,2,0
3181,7,5,0
3182,1,2,0
3183,0,0,0
3184,1,4,0
3185,2,0,0
3186,2,1,1
3187,6,0,0
3188,3,1,0
3189,1,1,0
3190,2,1,0
3191,0,1,1
3192,0,2,0
3193,2,3,0
3194,1,2,0
3195,3,2,1
3196,2,0,0
3197,3,2,0
3198,0,2,0
3199,0,1,0
3200,1,2,0
3201,2,0,0
3202,0,0,0
3203,3,0,1
3204,1,0,0
3205,2,1,0
3206,2,1,0
3207,0,0,0
3208,4,2,0
3209,5,1,0
3210,2,2,1
3211,6,0,0
3212,1,0,0
3213,2,1,0
3214,1,4,0
3215,3,0,0
3216,3,2,0
3217,1,0,0
3218,2,4,0
3219,1,1,0
3220,1,2,0
3221,4,1,0
3222,1,1,0
3223,0,0,0
3224,2,3,1
3225,3,0,0
3226,2,0,0
3227,2,0,0
3228,4,2,0
3229,3,2,0
3230,0,0,0
3231,3,3,0
3232,2,2,0
3233,3,1,0
3234,1,0,0
3235,5,4,0
3236,2,1,0
3237,2,3,0
3238,2,1,0
3239,2,0,0
3240,1,0,0
3241,2,1,0
3242,0,0,1
3243,0,0,1
3244,1,2,0
3245,4,3,0
3246,3,2,0
3247,0,0,0
3248,2,0,0
3249,2,2,0
3250,2,0,0
3251,0,2,1
3252,3,1,0
3253,1,0,0
3254,1,0,1
3255,0,0,0
3256,1,1,0
3257,0,1,0
3258,3,1,0
3259,0,1,0
3260,7,2,0
3261,0,0,0
3262,2,4,0
3263,0,1,0
3264,1,2,0
3265,3,2,0
3266,1,0,0
3267,1,1,0
3268,0,1,0
3269,2,1,0
3270,0,1,0
3271,0,0,0
3272,4,0,0
3273,3,3,0
3274,4,2,0
3275,5,1,0
3276,1,3,0
3277,1,0,0
3278,3,1,0
3279,1,0,0
3280,2,0,0
3281,1,2,0
3282,3,3,0
3283,2,1,0
3284,3,0,1
3285,2,1,0
3286,0,1,0
3287,0,0,0
3288,2,2,0
3289,1,1,1
3290,4,0,0
3291,1,3,0
3292,4,1,0
3293,2,1,0
3294,3,2,0
3295,0,1,0
3296,2,1,0
3297,1,4,0
3298,1,0,0
3299,3,1,0
3300,0,1,0
3301,1,0,0
3302,3,1,0
3303,1,0,0
3304,2,3,0
3305,2,1,1
3306,0,1,0
3307,2,1,1
3308,0,2,0
3309,2,1,0
3310,1,2,0
3311,0,0,0
3312,2,0,0
3313,2,1,0
3314,0,2,0
3315,2,2,0
3316,0,0,0
3317,4,1,0
3318,0,1,0
3319,0,0,0
3320,0,0,0
3321,4,0,0
3322,1,2,0
3323,0,0,1
3324,2,2,0
3325,0,2,0
3326,1,0,0
3327,0,1,0
3328,2,1,1
3329,3,3,0
3330,1,2,1
3331,1,0,1
3332,5,2,0
3333,0,1,0
3334,1,0,0
3335,0,0,0
3336,0,0,0
3337,1,1,0
3338,0,1,1
3339,2,1,0
3340,0,1,0
3341,3,1,0
3342,1,0,0
3343,0,2,0
3344,2,0,0
3345,1,2,0
3346,1,2,0
3347,0,0,0
3348,0,0,0
3349,3,0,0
3350,0,1,0
3351,0,0,0
3352,2,1,0
3353,1,1,0
3354,0,0,0
3355,2,0,0
3356,0,0,0
3357,1,1,0
3358,0,3,0
3359,0,1,1
3360,5,0,1
3361,2,1,0
3362,1,1,0
3363,2,2,0
3364,1,0,0
3365,1,0,0
3366,1,0,1
3367,0,0,0
3368,3,1,0
3369,2,0,0
3370,1,0,0
3371,3,1,0
3372,2,0,0
3373,2,2,0
3374,1,2,0
3375,0,0,0
3376,0,0,0
3377,5,1,0
3378,2,0,0
3379,4,0,0
3380,2,1,0
3381,1,2,0
3382,3,0,0
3383,0,0,0
3384,4,2,0
3385,1,1,0
3386,1,2,0
3387,0,0,0
3388,2,0,0
3389,0,1,0
3390,0,1,0
3391,0,0,0
3392,1,0,0
3393,2,1,0
3394,0,1,0
3395,4,0,0
3396,1,0,0
3397,3,1,1
3398,4,1,0
3399,1,0,0
3400,0,0,0
3401,1,0,0
3402,1,0,0
3403,0,1,0
3404,1,0,1
3405,4,0,0
3406,0,0,0
3407,1,0,0
3408,2,2,0
3409,1,0,0
3410,1,1,0
3411,3,1,1
3412,4,1,0
3413,2,2,0
3414,1,0,0
3415,0,0,0
3416,2,2,0
3417,2,2,1
3418,1,0,0
3419,1,0,0
3420,2,1,0
3421,2,1,0
3422,0,1,0
3423,2,0,0
3424,1,0,0
3425,2,1,1
3426,1,0,0
3427,0,0,0
3428,1,0,0
3429,1,2,0
3430,2,0,0
3431,0,0,1
3432,0,2,0
3433,3,1,0
3434,1,1,0
3435,2,0,0
3436,0,1,0
3437,1,0,0
3438,1,0,0
3439,0,1,0
3440,0,0,0
3441,2,0,0
3442,0,0,1
3443,1,0,0
3444,0,0,0
3445,2,1,0
3446,0,2,0
3447,0,0,0
3448,1,0,0
3449,1,0,0
3450,0,1,0
3451,0,0,0
3452,1,1,0
3453,0,0,1
3454,0,1,0
3455,0,0,0
3456,1,1,0
3457,0,2,0
3458,0,3,0
3459,0,1,0
3460,1,1,0
3461,3,2,0
3462,0,0,0
3463,1,0,0
3464,1,0,0
3465,1,1,0
3466,0,0,0
3467,0,0,0
3468,2,0,0
3469,1,1,0
3470,0,0,0
3471,0,0,0
3472,0,0,0
3473,2,0,0
3474,1,0,0
3475,1,1,0
3476,0,1,0
3477,1,0,0
3478,0,0,0
3479,0,0,0
3480,2,1,0
3481,2,0,0
3482,1,0,0
3483,4,0,0
3484,1,1,0
3485,2,2,0
3486,1,0,0
3487,1,1,0
3488,0,0,0
3489,4,2,0
3490,1,2,0
3491,2,0,0
3492,0,2,0
3493,0,0,0
3494,0,1,1
3495,0,0,0
3496,0,0,0
3497,1,0,0
3498,0,0,0
3499,0,1,0
3500,0,0,0
3501,0,0,0
3502,1,1,0
3503,0,1,0
3504,1,2,0
3505,0,0,0
3506,1,1,0
3507,0,1,0
3508,0,1,0
3509,2,0,0
3510,0,0,0
3511,0,0,0
3512,1,0,0
3513,0,1,0
3514,1,0,0
3515,0,1,0
3516,1,1,0
3517,6,0,0
3518,1,0,0
3519,0,0,0
3520,1,1,0
3521,0,0,0
3522,1,0,0
3523,1,0,0
3524,0,1,0
3525,2,0,0
3526,1,0,0
3527,0,1,0
3528,1,1,0
3529,1,1,0
3530,0,1,0
3531,1,0,0
3532,2,0,0
3533,0,0,0
3534,1,0,0
3535,1,0,0
3536,1,1,0
3537,0,1,0
3538,0,0,0
3539,0,0,0
3540,1,1,0
3541,1,2,0
3542,0,0,0
3543,0,0,0
3544,1,0,0
3545,1,0,0
3546,1,0,0
3547,1,0,0
3548,0,0,0
3549,2,1,1
3550,0,0,0
3551,0,0,0
3552,0,2,0
3553,0,0,0
3554,0,0,0
3555,1,1,0
3556,1,1,0
3557,1,0,0
3558,0,0,0
3559,0,0,0
3560,1,0,0
3561,1,0,0
3562,0,0,0
3563,3,0,0
3564,0,0,0
3565,0,0,0
3566,0,2,0
3567,1,1,0
3568,1,0,0
3569,0,0,0
3570,1,0,1
3571,1,2,0
3572,0,0,0
3573,0,0,0
3574,1,0,0
3575,0,0,0
3576,0,0,0
3577,0,2,0
3578,0,1,0
3579,1,0,0
3580,0,0,0
3581,2,0,0
3582,0,0,0
3583,6,1,0
3584,0,0,0
3585,0,1,0
3586,2,0,0
3587,2,1,0
3588,1,0,0
3589,3,1,0
3590,0,0,0
3591,0,0,0
3592,1,0,0
3593,0,1,0
3594,0,0,0
3595,3,0,0
3596,1,1,0
3597,0,1,0
3598,2,1,0
3599,0,1,0
3600,0,0,0
3601,0,1,0
3602,0,0,0
3603,0,0,0
3604,1,1,0
3605,0,0,0
3606,1,0,0
3607,0,0,0
3608,0,0,0
3609,1,1,0
3610,0,0,0
3611,0,1,0
3612,0,0,0
3613,0,0,0
3614,0,0,0
3615,0,0,0
3616,0,0,0
3617,0,1,0
3618,2,1,0
3619,0,0,0
3620,0,0,0
3621,2,0,0
3622,0,0,0
3623,0,0,0
3624,2,1,0
3625,2,0,0
3626,0,0,0
3627,2,0,0
3628,0,0,0
3629,0,1,0
3630,1,0,0
3631,0,0,0
3632,2,0,0
3633,0,0,0
3634,0,0,0
3635,0,1,0
3636,0,1,0
3637,0,0,0
3638,1,0,0
3639,0,0,0
3640,1,0,0
3641,2,1,0
3642,1,0,0
3643,0,0,0
3644,1,0,0
3645,0,1,0
3646,1,0,0
3647,0,0,0
3648,2,1,0
3649,0,0,0
3650,0,0,0
3651,0,0,0
3652,2,0,0
3653,0,0,0
3654,1,0,0
3655,0,0,0
3656,0,0,0
3657,0,1,0
3658,0,0,0
3659,0,1,0
3660,1,0,0
3661,0,0,0
3662,0,0,0
3663,0,1,0
3664,0,0,0
3665,0,0,0
3666,0,0,0
3667,1,0,0
3668,0,0,0
3669,0,0,0
3670,0,1,0
3671,0,0,0
3672,0,1,0
3673,0,0,0
3674,0,0,0
3675,2,0,0
3676,1,0,0
3677,1,0,0
3678,0,0,0
3679,0,1,0
3680,0,1,0
3681,0,0,0
3682,1,0,0
3683,1,0,0
3684,1,0,0
3685,0,0,0
3686,0,1,0
3687,0,0,0
3688,0,2,0
3689,0,0,0
3690,1,0,0
3691,1,1,0
3692,0,0,0
3693,2,0,0
3694,0,0,0
3695,0,0,0
3696,0,0,0
3697,0,1,0
3698,0,0,1
3699,0,0,0
3700,0,0,0
3701,0,0,0
3702,2,0,0
3703,1,1,0
3704,0,0,0
3705,0,1,0
3706,0,1,0
3707,0,1,0
3708,0,0,0
3709,1,0,0
3710,0,0,0
3711,0,0,0
3712,1,0,0
3713,2,0,0
3714,0,0,0
3715,0,0,0
3716,1,1,0
3717,1,0,0
3718,0,0,0
3719,0,0,0
3720,0,0,0
3721,0,0,0
3722,0,0,0
3723,0,0,0
3724,0,0,0
3725,0,0,0
3726,0,1,0
3727,0,1,0
3728,0,0,0
3729,0,0,0
3730,1,0,0
3731,0,0,0
3732,0,1,0
3733,1,1,0
3734,0,0,0
3735,0,0,0
3736,0,1,0
3737,1,0,0
3738,0,0,0
3739,1,1,0
3740,0,0,0
3741,0,0,0
3742,0,0,0
3743,0,0,0
3744,0,0,0
3745,0,0,0
3746,0,0,0
3747,0,0,0
3748,1,0,0
3749,0,0,0
3750,0,0,0
3751,0,0,0
3752,0,0,0
3753,0,2,0
3754,0,0,0
3755,0,0,0
3756,0,0,0
3757,0,1,0
3758,0,0,0
3759,0,0,0
3760,0,0,0
3761,0,0,0
3762,0,1,0
3763,0,0,0
3764,0,0,0
3765,0,0,0
3766,0,0,0
3767,0,0,0
3768,1,0,0
3769,1,0,0
3770,0,1,0
3771,0,0,0
3772,0,1,0
3773,0,0,0
3774,0,0,0
3775,1,0,0
3776,1,0,0
3777,0,0,0
3778,0,2,0
3779,0,0,0
3780,1,0,0
3781,0,2,0
3782,0,0,0
3783,0,0,0
3784,0,0,1
3785,0,1,0
3786,0,0,0
3787,0,0,0
3788,0,1,0
3789,1,0,0
3790,0,0,0
3791,0,1,0
3792,0,0,0
3793,1,0,0
3794,0,0,0
3795,0,1,0
3796,0,0,0
3797,0,0,0
3798,0,0,1
3799,0,0,0
3800,1,0,0
3801,0,0,0
3802,0,0,0
3803,0,1,0
3804,1,1,0
3805,0,0,0
3806,1,0,0
3807,0,0,0
3808,0,1,0
3809,0,0,0
3810,0,0,0
3811,1,1,0
3812,0,1,0
3813,0,0,0
3814,1,0,0
3815,1,0,0
3816,0,0,0
3817,2,1,0
3818,0,0,0
3819,1,0,0
3820,0,1,0
3821,0,0,0
3822,0,0,0
3823,0,0,0
3824,0,0,0
3825,0,1,0
3826,0,0,0
3827,0,1,0
3828,0,0,0
3829,0,1,0
3830,0,0,0
3831,0,0,0
3832,1,0,0
3833,1,0,0
3834,2,0,0
3835,0,0,0
3836,0,0,0
3837,0,0,0
3838,0,0,0
3839,0,0,1
3840,2,1,0
3841,1,1,0
3842,0,0,0
3843,0,0,0
3844,0,0,0
3845,0,0,0
3846,0,0,0
3847,0,0,0
3848,0,0,0
3849,0,0,0
3850,1,0,0
3851,0,0,0
3852,0,0,0
3853,0,0,0
3854,0,0,0
3855,0,0,0
3856,0,0,0
3857,0,1,0
3858,0,0,0
3859,2,0,0
3860,0,0,0
3861,1,0,0
3862,1,0,0
3863,0,0,0
3864,0,0,0
3865,0,0,0
3866,0,0,0
3867,2,0,0
3868,0,0,0
3869,0,0,0
3870,0,0,0
3871,0,0,0
3872,0,0,0
3873,0,0,0
3874,0,0,0
3875,0,0,0
3876,0,0,0
3877,0,0,0
3878,0,0,0
3879,0,0,0
3880,0,0,0
3881,0,0,0
3882,1,0,0
3883,0,0,0
3884,0,1,0
3885,0,0,0
3886,1,0,0
3887,0,0,0
3888,0,0,0
3889,0,0,0
3890,0,1,0
3891,0,0,0
3892,0,0,0
3893,1,0,0
3894,0,0,0
3895,0,0,0
3896,0,0,0
3897,0,0,0
3898,0,0,0
3899,0,0,0
3900,0,0,0
3901,0,0,0
3902,0,1,0
3903,0,0,0
3904,1,0,0
3905,2,0,0
3906,0,0,0
3907,0,0,0
3908,0,0,0
3909,0,0,0
3910,0,0,0
3911,0,0,0
3912,0,0,0
3913,0,0,0
3914,0,0,0
3915,0,0,0
3916,0,0,0
3917,0,0,0
3918,0,0,0
3919,0,0,0
3920,0,0,0
3921,0,0,0
3922,0,1,0
3923,1,0,0
3924,0,0,0
3925,0,0,0
3926,0,0,0
3927,0,0,0
3928,0,0,0
3929,0,1,0
3930,0,0,0
3931,0,0,0
3932,0,0,0
3933,0,1,0
3934,0,0,0
3935,0,0,0
3936,0,0,0
3937,0,0,0
3938,1,0,0
3939,0,0,0
3940,0,1,0
3941,0,0,0
3942,1,0,0
3943,0,0,0
3944,0,0,0
3945,0,0,0
3946,0,0,0
3947,0,0,0
3948,0,0,0
3949,0,0,0
3950,0,0,1
3951,0,0,0
3952,0,0,0
3953,0,0,0
3954,0,0,0
3955,1,0,0
3956,0,0,0
3957,0,1,0
3958,0,0,0
3959,0,1,0
3960,0,0,0
3961,1,0,0
3962,0,0,0
3963,0,0,0
3964,0,0,0
3965,1,0,0
3966,0,0,0
3967,0,0,0
3968,1,0,0
3969,0,0,0
3970,0,0,0
3971,0,0,0
3972,0,0,0
3973,0,0,0
3974,0,0,0
3975,1,0,0
3976,0,0,0
3977,0,1,0
3978,0,0,0
3979,0,0,0
3980,0,0,0
3981,0,0,0
3982,0,0,0
3983,0,0,0
3984,0,0,0
3985,0,0,0
3986,0,0,0
3987,0,0,0
3988,0,0,0
3989,0,0,0
3990,0,0,0
3991,0,0,0
3992,0,0,0
3993,0,1,0
3994,0,0,0
3995,0,0,0
3996,0,1,0
3997,0,0,0
3998,0,0,0
3999,0,0,0
4000,0,0,0
4001,0,0,0
4002,0,0,0
4003,0,0,0
4004,0,0,0
4005,0,0,0
4006,0,0,0
4007,1,0,0
4008,0,0,0
4009,0,0,0
4010,0,0,0
4011,0,0,0
4012,0,0,0
4013,0,0,0
4014,0,0,0
4015,0,0,0
4016,0,0,0
4017,0,0,0
4018,0,0,0
4019,0,1,0
4020,0,0,0
4021,0,0,0
4022,0,0,0
4023,0,0,0
4024,0,0,0
4025,0,0,0
4026,0,0,0
4027,0,1,0
4028,0,0,0
4029,0,0,0
4030,1,0,0
4031,0,0,0
4032,0,0,0
4033,0,0,0
4034,0,0,0
4035,0,0,0
4036,0,0,0
4037,1,0,0
4038,0,0,0
4039,0,0,0
4040,0,0,0
4041,0,0,0
4042,0,0,0
4043,0,0,0
4044,0,1,0
4045,1,0,0
4046,0,0,0
4047,0,0,0
4048,0,0,0
4049,0,0,0
4050,0,0,0
4051,0,0,0
4052,0,0,0
4053,0,0,0
4054,0,0,0
4055,0,0,0
4056,0,0,0
4057,0,0,0
4058,0,0,0
4059,0,0,0
4060,0,0,0
4061,0,0,0
4062,0,0,0
4063,0,0,0
4064,0,0,0
4065,0,0,0
4066,0,0,0
4067,0,0,0
4068,0,0,0
4069,0,0,0
4070,0,0,0
4071,0,0,0
4072,0,0,0
4073,0,0,0
4074,0,0,0
4075,0,0,0
4076,0,0,0
4077,0,0,0
4078,0,0,0
4079,0,0,0
4080,0,0,0
4081,0,0,0
4082,1,0,0
4083,0,0,0
4084,0,0,0
4085,1,0,0
4086,0,0,0
4087,0,0,0
4088,0,0,0
4089,0,0,0
4090,0,0,0
4091,0,0,0
4092,0,0,0
4093,0,0,0
4094,0,1,0
4095,16,19,0
