0,0,0,0
1,0,0,0
2,0,0,0
3,0,0,0
4,0,0,0
5,0,0,0
6,0,0,0
7,0,0,0
8,0,0,0
9,0,0,0
10,0,0,0
11,0,0,0
12,0,0,0
13,0,0,0
14,0,0,0
15,0,0,0
16,0,0,0
17,0,0,0
18,0,0,0
19,0,0,0
20,0,0,0
21,0,0,0
22,0,0,0
23,0,0,0
24,0,0,0
25,0,0,0
26,0,0,0
27,0,0,0
28,0,0,0
29,0,0,0
30,0,0,0
31,0,0,0
32,0,0,0
33,0,0,0
34,0,0,0
35,0,0,0
36,0,0,0
37,0,0,0
38,0,0,0
39,0,0,0
40,0,0,0
41,0,0,0
42,0,0,0
43,0,0,0
44,0,0,0
45,0,0,0
46,0,0,0
47,0,0,0
48,0,0,0
49,0,0,0
50,0,0,0
51,0,0,0
52,0,0,0
53,0,0,0
54,0,0,0
55,0,0,0
56,0,0,0
57,0,0,0
58,0,0,0
59,0,0,0
60,0,0,0
61,0,0,0
62,0,0,0
63,0,0,0
64,0,0,0
65,0,0,0
66,0,0,0
67,0,0,0
68,0,0,0
69,0,0,0
70,0,0,0
71,0,0,0
72,0,0,0
73,0,0,0
74,0,0,0
75,0,0,0
76,0,0,0
77,0,0,0
78,0,0,0
79,0,0,0
80,0,0,0
81,0,0,0
82,0,0,0
83,0,0,0
84,0,0,0
85,0,0,0
86,0,0,0
87,0,0,0
88,0,0,0
89,0,0,0
90,0,0,0
91,0,0,0
92,0,0,0
93,0,0,0
94,0,0,0
95,0,0,0
96,0,0,0
97,0,0,0
98,0,0,0
99,0,0,0
100,0,0,0
101,0,0,0
102,0,0,0
103,0,0,0
104,0,0,0
105,0,0,0
106,0,0,0
107,0,0,0
108,0,0,0
109,0,0,0
110,0,0,0
111,0,0,0
112,0,0,0
113,0,0,0
114,0,0,0
115,0,0,0
116,0,0,0
117,0,0,0
118,0,0,0
119,0,0,0
120,0,0,0
121,0,0,0
122,0,0,0
123,0,0,0
124,0,0,0
125,0,0,0
126,0,0,0
127,0,0,0
128,0,0,0
129,0,0,0
130,0,0,0
131,0,0,0
132,0,0,0
133,0,0,0
134,0,0,0
135,0,0,0
136,0,0,0
137,0,0,0
138,0,0,0
139,0,0,0
140,0,0,0
141,0,0,0
142,0,0,0
143,0,0,0
144,0,0,0
145,0,0,0
146,0,0,0
147,0,0,0
148,0,0,0
149,0,0,0
150,0,0,0
151,0,0,0
152,0,0,0
153,0,0,0
154,0,0,0
155,0,0,0
156,0,0,0
157,0,0,0
158,0,0,0
159,0,0,0
160,0,0,0
161,0,0,0
162,0,0,0
163,0,0,0
164,0,0,0
165,0,0,0
166,0,0,2
167,0,0,0
168,0,0,0
169,0,0,0
170,0,0,0
171,0,0,0
172,0,0,0
173,0,0,0
174,0,0,0
175,0,0,0
176,0,0,0
177,0,0,1
178,0,0,0
179,0,0,0
180,0,0,0
181,0,0,0
182,0,0,0
183,0,0,0
184,0,0,2
185,0,0,0
186,0,0,0
187,0,0,1
188,0,0,0
189,0,0,0
190,0,0,1
191,0,0,0
192,0,0,0
193,0,0,0
194,0,0,0
195,0,0,0
196,0,0,0
197,0,0,0
198,0,0,1
199,0,0,1
200,0,0,0
201,292,231,0
202,271,221,1
203,266,213,1
204,225,225,0
205,251,208,0
206,235,201,0
207,97,87,0
208,295,211,1
209,258,222,0
210,247,206,1
211,270,222,0
212,212,207,2
213,230,198,1
214,239,183,2
215,80,53,0
216,251,220,1
217,243,200,0
218,239,228,0
219,248,197,0
220,229,226,0
221,256,220,0
222,256,218,0
223,115,109,0
224,265,202,1
225,254,209,0
226,217,203,0
227,248,207,0
228,247,187,0
229,241,206,1
230,248,204,0
231,49,43,0
232,243,178,0
233,228,205,0
234,235,192,0
235,221,209,0
236,221,184,0
237,245,222,1
238,251,177,0
239,76,86,0
240,242,177,0
241,235,212,0
242,243,182,2
243,220,172,0
244,234,181,2
245,216,200,1
246,210,201,1
247,64,33,0
248,206,174,1
249,206,207,1
250,212,159,0
251,224,182,0
252,222,168,0
253,233,185,0
254,230,171,1
255,103,98,0
256,230,161,0
257,223,198,0
258,207,197,0
259,222,178,0
260,223,163,1
261,201,183,1
262,229,168,0
263,63,39,0
264,252,176,0
265,190,209,0
266,224,164,1
267,229,184,0
268,227,182,1
269,216,180,0
270,193,162,0
271,79,81,0
272,229,153,1
273,175,156,0
274,214,170,0
275,187,153,1
276,202,178,1
277,230,213,0
278,204,161,1
279,52,38,0
280,175,175,1
281,199,173,0
282,181,166,0
283,205,173,0
284,183,146,0
285,193,198,0
286,189,157,0
287,83,78,0
288,196,153,0
289,179,195,0
290,219,143,0
291,212,162,1
292,198,163,0
293,200,170,0
294,187,139,0
295,49,31,2
296,188,180,0
297,195,190,1
298,206,159,0
299,186,155,0
300,156,156,1
301,201,178,0
302,177,158,0
303,79,86,0
304,195,155,0
305,194,145,1
306,195,144,1
307,185,170,0
308,184,156,1
309,206,172,0
310,164,147,0
311,40,35,0
312,158,159,0
313,172,150,0
314,179,138,0
315,193,139,0
316,160,150,0
317,190,143,0
318,188,156,0
319,77,88,1
320,174,176,0
321,199,174,0
322,202,128,0
323,171,146,2
324,187,151,0
325,177,163,0
326,167,142,1
327,46,27,0
328,154,143,1
329,160,162,0
330,168,155,0
331,161,154,0
332,176,150,0
333,184,152,0
334,187,136,0
335,62,55,1
336,187,116,1
337,160,163,0
338,164,127,0
339,186,151,0
340,151,145,1
341,177,156,1
342,173,121,0
343,39,27,0
344,157,150,0
345,167,142,2
346,166,127,0
347,146,138,0
348,173,154,0
349,150,164,1
350,161,140,0
351,95,58,0
352,157,139,1
353,157,149,0
354,166,119,0
355,159,152,0
356,143,117,0
357,140,142,0
358,168,137,0
359,38,39,1
360,150,157,0
361,170,144,2
362,155,140,0
363,162,137,0
364,160,145,0
365,180,134,0
366,157,150,0
367,79,51,0
368,169,150,1
369,166,156,0
370,146,127,0
371,144,130,0
372,161,155,0
373,137,147,0
374,159,128,0
375,38,39,0
376,157,148,0
377,133,133,1
378,153,118,1
379,160,124,0
380,159,142,0
381,165,144,0
382,143,113,0
383,20,14,1
384,141,135,0
385,161,139,0
386,154,110,2
387,145,135,0
388,151,141,1
389,144,131,1
390,148,100,0
391,35,29,0
392,161,141,1
393,146,143,0
394,159,153,0
395,137,129,0
396,121,124,1
397,147,124,1
398,127,104,0
399,56,63,0
400,139,134,0
401,147,122,0
402,127,118,0
403,154,102,1
404,143,131,1
405,156,138,0
406,147,118,1
407,30,27,2
408,130,114,0
409,156,126,0
410,145,117,0
411,144,137,0
412,142,115,0
413,140,105,1
414,132,118,1
415,66,54,2
416,139,131,1
417,137,133,0
418,150,115,0
419,128,119,0
420,142,117,1
421,148,109,0
422,149,97,0
423,32,23,1
424,108,115,0
425,138,121,1
426,139,117,0
427,134,102,2
428,145,112,0
429,139,109,0
430,162,106,0
431,57,39,0
432,133,104,0
433,149,100,0
434,112,116,0
435,130,121,1
436,131,130,0
437,132,125,1
438,124,108,0
439,23,27,1
440,124,118,0
441,138,134,1
442,129,104,0
443,145,102,0
444,138,97,1
445,129,136,0
446,127,95,0
447,66,53,1
448,135,112,0
449,120,106,0
450,119,105,1
451,111,103,1
452,136,102,4
453,118,108,0
454,120,102,0
455,29,27,0
456,126,98,0
457,134,96,0
458,122,100,1
459,127,87,0
460,110,115,0
461,129,120,0
462,126,97,1
463,43,40,1
464,135,110,0
465,124,131,1
466,123,104,0
467,107,98,0
468,103,109,0
469,131,111,0
470,137,80,0
471,35,17,0
472,110,89,0
473,133,100,1
474,117,80,0
475,113,95,0
476,131,69,0
477,110,103,1
478,123,92,1
479,55,39,0
480,127,84,1
481,124,101,0
482,107,94,0
483,137,82,0
484,97,92,0
485,120,97,0
486,119,82,0
487,41,12,0
488,106,100,0
489,120,99,0
490,103,93,0
491,114,93,1
492,129,74,0
493,116,102,0
494,103,91,1
495,45,44,0
496,117,73,0
497,113,83,0
498,113,72,0
499,116,90,0
500,115,86,1
501,139,109,0
502,98,87,0
503,32,26,0
504,127,70,0
505,129,96,0
506,119,79,0
507,109,91,0
508,128,73,0
509,100,98,0
510,96,85,0
511,1059,766,1
512,130,93,0
513,91,84,0
514,111,70,0
515,113,86,0
516,94,68,1
517,99,83,1
518,106,68,1
519,31,13,0
520,102,59,0
521,113,76,0
522,102,90,0
523,108,77,1
524,104,73,0
525,111,74,1
526,101,58,1
527,30,28,3
528,114,60,1
529,96,62,1
530,107,64,0
531,98,69,0
532,96,59,0
533,98,76,0
534,88,78,0
535,16,12,0
536,86,65,2
537,110,64,0
538,107,61,0
539,87,69,0
540,106,77,0
541,96,74,0
542,86,62,1
543,43,27,2
544,107,58,0
545,118,55,0
546,104,67,0
547,83,68,0
548,85,53,1
549,110,72,0
550,83,47,0
551,30,12,0
552,81,61,0
553,100,78,1
554,93,53,1
555,81,57,0
556,112,63,0
557,98,74,0
558,109,61,1
559,34,30,0
560,112,49,1
561,90,64,0
562,118,47,0
563,84,64,0
564,83,46,1
565,101,55,0
566,78,50,1
567,25,11,1
568,102,62,1
569,76,52,1
570,87,54,0
571,94,66,2
572,79,58,1
573,95,56,1
574,84,64,0
575,35,23,1
576,93,52,0
577,119,62,0
578,106,64,0
579,87,45,0
580,97,44,0
581,92,62,0
582,67,50,0
583,21,5,0
584,87,54,0
585,83,53,1
586,76,53,0
587,81,52,1
588,88,49,0
589,84,54,0
590,93,40,1
591,29,21,1
592,96,58,0
593,84,48,1
594,72,52,0
595,94,45,0
596,83,52,1
597,93,42,0
598,77,54,1
599,15,16,1
600,83,36,0
601,80,64,0
602,75,46,0
603,75,43,1
604,91,44,1
605,73,45,0
606,63,51,1
607,28,28,2
608,89,38,1
609,76,57,0
610,83,37,0
611,80,52,2
612,95,31,0
613,80,43,2
614,79,25,0
615,18,15,0
616,74,42,0
617,69,50,0
618,102,49,1
619,86,50,2
620,76,35,0
621,85,56,0
622,78,46,0
623,27,23,0
624,72,48,0
625,95,51,0
626,75,44,3
627,72,51,0
628,81,50,0
629,67,46,1
630,68,42,1
631,24,6,2
632,65,51,1
633,69,44,0
634,67,44,0
635,80,45,1
636,74,43,0
637,78,50,1
638,63,38,0
639,5,6,0
640,69,32,1
641,66,47,1
642,77,42,1
643,60,41,0
644,65,38,2
645,61,39,0
646,61,37,0
647,14,13,1
648,67,36,1
649,65,42,0
650,51,45,0
651,77,46,1
652,64,48,0
653,56,56,0
654,66,47,0
655,20,11,1
656,67,27,1
657,61,44,1
658,61,33,0
659,62,35,2
660,57,37,0
661,66,41,1
662,52,33,1
663,13,11,2
664,64,31,0
665,76,36,0
666,65,27,1
667,68,42,0
668,72,29,0
669,58,40,0
670,45,28,0
671,30,20,0
672,60,39,1
673,69,25,1
674,46,30,1
675,50,37,2
676,54,26,1
677,50,31,0
678,55,27,0
679,9,10,2
680,62,40,3
681,54,25,0
682,47,32,1
683,43,33,0
684,50,29,0
685,65,31,2
686,58,34,1
687,21,10,1
688,41,29,2
689,49,27,0
690,50,25,2
691,53,30,2
692,38,26,2
693,34,28,0
694,44,33,1
695,9,11,0
696,63,26,2
697,57,39,1
698,43,27,2
699,52,33,0
700,48,26,0
701,54,26,0
702,55,27,2
703,13,9,1
704,47,18,0
705,48,35,2
706,46,18,0
707,48,31,2
708,53,31,2
709,52,27,0
710,50,21,0
711,8,10,1
712,38,29,0
713,60,33,0
714,49,25,2
715,52,14,0
716,43,19,0
717,51,32,1
718,63,31,0
719,18,9,0
720,41,36,0
721,45,19,2
722,51,21,1
723,57,24,2
724,38,31,0
725,40,17,1
726,58,25,1
727,7,9,0
728,42,19,0
729,55,23,0
730,59,29,1
731,52,35,1
732,68,29,3
733,56,26,1
734,54,18,2
735,25,11,1
736,40,26,1
737,42,27,2
738,59,23,1
739,51,26,2
740,64,23,0
741,62,19,0
742,56,21,2
743,11,6,2
744,47,12,2
745,59,37,3
746,74,25,1
747,53,25,1
748,56,23,1
749,80,18,1
750,60,23,1
751,20,13,0
752,79,24,2
753,61,20,2
754,54,22,1
755,53,29,2
756,72,33,2
757,65,25,1
758,48,33,3
759,14,9,2
760,53,23,1
761,58,29,0
762,61,27,1
763,66,34,2
764,73,26,1
765,63,24,0
766,66,27,1
767,28,14,0
768,72,28,0
769,50,24,2
770,64,25,2
771,53,31,0
772,64,37,1
773,75,33,3
774,58,27,0
775,21,8,0
776,61,33,2
777,63,33,5
778,65,32,0
779,54,29,0
780,61,42,1
781,72,35,0
782,44,26,4
783,32,22,2
784,68,22,1
785,68,38,4
786,62,31,0
787,69,25,1
788,79,31,4
789,69,46,2
790,51,26,2
791,17,10,0
792,58,38,2
793,64,32,1
794,53,19,2
795,52,34,2
796,72,32,1
797,73,41,0
798,48,27,2
799,29,15,2
800,61,33,0
801,46,50,3
802,64,41,2
803,71,37,0
804,42,22,1
805,80,30,1
806,42,37,1
807,12,7,5
808,63,24,2
809,52,35,4
810,48,32,1
811,68,38,2
812,50,38,3
813,51,34,0
814,54,41,3
815,23,14,0
816,47,32,1
817,59,39,6
818,66,32,3
819,44,32,5
820,57,30,0
821,47,30,2
822,48,40,1
823,12,5,1
824,62,32,1
825,65,32,2
826,45,38,4
827,47,29,3
828,60,30,3
829,64,34,0
830,48,21,3
831,30,15,2
832,59,25,1
833,50,38,3
834,46,14,5
835,36,31,1
836,48,39,2
837,55,36,2
838,59,27,1
839,6,7,3
840,50,41,3
841,50,44,0
842,55,26,2
843,48,43,3
844,54,38,1
845,56,43,2
846,51,28,2
847,21,19,0
848,58,32,3
849,57,36,3
850,52,39,0
851,40,34,4
852,63,36,1
853,43,41,2
854,38,27,3
855,10,7,3
856,52,40,3
857,44,31,2
858,41,29,5
859,43,23,3
860,52,29,4
861,63,35,3
862,52,30,3
863,25,22,0
864,43,30,2
865,52,44,4
866,53,28,3
867,55,29,5
868,48,27,4
869,47,43,2
870,38,28,6
871,15,9,1
872,66,42,1
873,42,38,4
874,47,38,3
875,42,37,4
876,47,20,2
877,51,34,2
878,43,27,7
879,30,16,5
880,52,31,3
881,41,21,3
882,41,24,6
883,46,27,5
884,32,28,3
885,48,35,4
886,42,23,2
887,7,5,2
888,46,26,2
889,50,31,3
890,47,45,1
891,46,32,5
892,46,30,3
893,46,35,3
894,40,29,2
895,6,3,5
896,46,33,1
897,40,28,3
898,46,46,3
899,43,43,1
900,49,38,0
901,40,22,2
902,43,32,3
903,9,6,0
904,38,37,4
905,36,33,5
906,54,28,2
907,44,31,3
908,49,34,3
909,42,33,5
910,37,23,4
911,16,18,2
912,43,32,2
913,49,37,3
914,48,24,1
915,43,33,4
916,41,27,3
917,49,35,7
918,35,32,4
919,14,4,4
920,43,35,3
921,36,28,5
922,38,25,1
923,32,29,2
924,41,37,3
925,33,39,1
926,40,44,3
927,16,16,2
928,41,33,2
929,47,31,1
930,42,32,3
931,36,41,5
932,43,37,4
933,44,25,4
934,34,36,2
935,8,10,6
936,35,43,3
937,36,31,1
938,41,36,1
939,38,25,2
940,48,26,3
941,57,45,3
942,40,31,1
943,7,10,2
944,31,26,10
945,46,30,5
946,37,31,8
947,25,33,5
948,44,34,1
949,40,35,9
950,32,33,3
951,10,4,5
952,41,29,1
953,32,39,2
954,36,31,3
955,31,29,3
956,39,40,0
957,36,47,4
958,38,24,2
959,13,11,4
960,27,41,2
961,41,44,3
962,37,30,6
963,33,43,4
964,41,27,1
965,34,28,5
966,39,33,5
967,11,10,1
968,32,45,2
969,47,42,1
970,35,34,6
971,43,36,3
972,36,30,3
973,29,45,3
974,35,35,3
975,15,16,5
976,36,41,3
977,38,28,1
978,34,26,1
979,39,36,3
980,41,27,0
981,43,30,6
982,28,33,5
983,5,9,2
984,42,29,5
985,43,37,3
986,33,29,5
987,34,42,3
988,30,35,7
989,31,55,3
990,39,31,6
991,17,20,5
992,39,40,4
993,32,35,4
994,29,38,1
995,36,37,5
996,38,37,1
997,42,46,3
998,32,33,6
999,8,8,5
1000,33,28,4
1001,25,35,7
1002,24,32,7
1003,40,34,4
1004,44,26,4
1005,27,28,5
1006,35,31,5
1007,14,23,3
1008,39,26,9
1009,33,44,2
1010,31,42,3
1011,33,37,5
1012,34,37,6
1013,42,37,3
1014,35,35,2
1015,8,16,2
1016,38,42,2
1017,35,44,5
1018,53,38,2
1019,22,36,3
1020,31,40,2
1021,35,54,3
1022,34,32,5
1023,20,33,3
1024,40,31,6
1025,26,38,2
1026,25,34,2
1027,31,38,5
1028,34,33,4
1029,29,45,6
1030,22,29,5
1031,10,7,6
1032,27,34,8
1033,28,43,5
1034,39,33,7
1035,29,40,2
1036,28,34,1
1037,36,56,3
1038,34,23,6
1039,15,16,10
1040,19,33,7
1041,42,50,3
1042,26,34,8
1043,33,53,3
1044,41,50,3
1045,32,43,5
1046,24,32,7
1047,7,5,2
1048,31,51,6
1049,26,38,5
1050,29,42,3
1051,34,36,8
1052,24,37,9
1053,28,58,3
1054,32,34,11
1055,8,15,12
1056,26,45,5
1057,33,44,3
1058,31,41,4
1059,38,45,8
1060,26,46,8
1061,35,30,5
1062,24,37,4
1063,9,5,3
1064,38,31,10
1065,34,48,7
1066,30,39,6
1067,30,40,11
1068,27,41,7
1069,29,32,4
1070,29,39,5
1071,6,16,4
1072,35,42,6
1073,27,36,5
1074,25,41,7
1075,16,39,7
1076,28,34,6
1077,27,43,7
1078,31,35,4
1079,9,6,9
1080,38,30,4
1081,41,38,8
1082,34,34,7
1083,28,43,4
1084,30,46,7
1085,32,32,12
1086,27,42,4
1087,11,12,5
1088,42,42,10
1089,24,49,8
1090,28,50,1
1091,26,37,6
1092,26,38,7
1093,29,37,7
1094,23,35,6
1095,7,10,6
1096,26,35,3
1097,34,48,7
1098,41,32,6
1099,32,46,9
1100,29,37,8
1101,32,37,6
1102,28,44,9
1103,11,20,7
1104,39,46,3
1105,33,53,4
1106,28,32,3
1107,38,42,8
1108,30,47,11
1109,29,51,2
1110,30,42,4
1111,7,9,6
1112,29,38,6
1113,36,36,9
1114,25,35,9
1115,36,38,9
1116,34,41,6
1117,42,29,13
1118,23,31,9
1119,17,18,8
1120,28,33,6
1121,37,35,8
1122,32,42,16
1123,32,30,11
1124,31,40,11
1125,36,35,9
1126,27,34,8
1127,8,8,8
1128,38,33,8
1129,28,44,10
1130,25,39,8
1131,42,30,13
1132,24,47,8
1133,32,44,6
1134,36,26,5
1135,16,15,9
1136,24,31,7
1137,36,43,3
1138,39,49,11
1139,32,36,6
1140,35,28,6
1141,23,40,3
1142,30,30,6
1143,5,6,9
1144,33,47,11
1145,29,46,8
1146,32,40,6
1147,32,38,9
1148,29,36,4
1149,38,37,6
1150,22,41,9
1151,5,12,7
1152,38,48,14
1153,25,40,9
1154,32,33,16
1155,20,39,6
1156,33,55,8
1157,30,47,7
1158,39,37,6
1159,6,13,10
1160,36,35,7
1161,35,46,11
1162,36,32,12
1163,31,53,3
1164,25,47,11
1165,26,36,15
1166,28,31,6
1167,14,16,6
1168,41,38,10
1169,31,48,7
1170,25,34,7
1171,21,45,8
1172,32,34,10
1173,27,35,8
1174,28,27,13
1175,9,13,5
1176,27,50,8
1177,30,46,1
1178,30,39,10
1179,30,37,14
1180,33,40,10
1181,23,35,8
1182,27,30,10
1183,13,13,11
1184,38,42,11
1185,30,47,4
1186,37,26,9
1187,31,46,10
1188,39,39,8
1189,39,39,10
1190,27,36,9
1191,7,14,6
1192,22,44,13
1193,30,35,11
1194,35,32,10
1195,29,42,9
1196,32,31,7
1197,40,51,5
1198,33,44,10
1199,12,24,12
1200,25,41,9
1201,40,33,16
1202,36,36,14
1203,21,40,12
1204,40,43,10
1205,38,38,8
1206,24,48,11
1207,7,5,17
1208,30,41,13
1209,46,36,16
1210,30,37,12
1211,40,38,15
1212,48,38,10
1213,30,33,8
1214,45,31,9
1215,15,16,9
1216,40,36,16
1217,37,40,7
1218,41,40,7
1219,25,31,14
1220,41,32,9
1221,41,41,8
1222,27,31,15
1223,8,10,9
1224,50,39,5
1225,28,51,14
1226,41,47,7
1227,28,45,12
1228,49,36,15
1229,40,45,9
1230,31,38,10
1231,17,27,11
1232,42,48,11
1233,33,48,14
1234,27,45,11
1235,31,42,12
1236,33,39,8
1237,40,37,6
1238,32,29,11
1239,5,7,11
1240,35,35,12
1241,34,36,8
1242,38,34,6
1243,29,34,11
1244,49,32,14
1245,44,38,8
1246,42,35,10
1247,17,17,13
1248,47,41,7
1249,35,43,16
1250,30,29,18
1251,48,41,12
1252,38,22,15
1253,26,43,11
1254,33,28,10
1255,8,12,6
1256,28,42,15
1257,31,46,9
1258,21,32,12
1259,25,40,8
1260,42,28,10
1261,36,33,10
1262,40,33,16
1263,16,19,14
1264,37,33,12
1265,33,38,9
1266,33,41,14
1267,36,37,17
1268,41,28,11
1269,34,49,13
1270,38,35,14
1271,6,6,14
1272,43,43,12
1273,40,32,10
1274,45,31,15
1275,28,30,16
1276,35,33,14
1277,48,44,10
1278,42,32,15
1279,11,24,14
1280,38,45,7
1281,47,50,18
1282,37,22,13
1283,39,38,17
1284,45,42,12
1285,36,31,19
1286,35,33,13
1287,5,9,16
1288,31,34,9
1289,47,36,11
1290,35,46,14
1291,30,33,10
1292,41,33,14
1293,45,41,18
1294,25,32,11
1295,18,21,13
1296,26,28,13
1297,38,35,14
1298,44,34,12
1299,33,28,18
1300,42,31,14
1301,45,42,16
1302,35,33,13
1303,5,7,15
1304,33,38,16
1305,53,36,11
1306,40,27,15
1307,37,45,18
1308,40,35,11
1309,52,26,13
1310,39,31,18
1311,16,25,17
1312,41,41,11
1313,38,33,16
1314,29,28,11
1315,32,27,10
1316,36,35,12
1317,40,35,9
1318,32,32,10
1319,9,8,14
1320,43,28,11
1321,49,40,8
1322,39,35,10
1323,41,41,14
1324,42,26,11
1325,46,35,17
1326,34,37,17
1327,14,24,14
1328,48,39,15
1329,38,32,12
1330,39,25,15
1331,34,33,8
1332,43,40,8
1333,31,41,9
1334,44,25,15
1335,7,6,18
1336,51,31,8
1337,41,38,6
1338,44,24,13
1339,44,38,7
1340,51,36,9
1341,54,33,16
1342,49,20,10
1343,8,9,22
1344,35,27,10
1345,43,29,12
1346,30,45,15
1347,43,29,17
1348,38,26,18
1349,42,38,18
1350,41,34,9
1351,8,7,16
1352,39,33,13
1353,48,37,11
1354,38,31,9
1355,44,29,13
1356,50,36,9
1357,49,33,18
1358,35,34,14
1359,20,20,9
1360,40,42,8
1361,37,25,9
1362,43,40,17
1363,43,27,14
1364,52,36,11
1365,42,25,14
1366,29,36,15
1367,9,10,17
1368,47,32,19
1369,45,32,9
1370,34,34,15
1371,24,32,14
1372,48,40,12
1373,52,48,16
1374,37,26,11
1375,20,17,9
1376,41,26,8
1377,50,31,14
1378,51,29,18
1379,54,39,8
1380,49,27,17
1381,43,38,13
1382,42,27,8
1383,11,7,21
1384,40,24,10
1385,35,34,9
1386,37,35,13
1387,33,23,8
1388,54,25,9
1389,35,24,13
1390,44,27,10
1391,19,16,11
1392,42,34,14
1393,55,26,15
1394,30,33,10
1395,51,31,15
1396,46,38,17
1397,47,28,8
1398,36,21,10
1399,5,5,8
1400,59,24,17
1401,44,41,12
1402,24,21,16
1403,38,32,18
1404,38,24,27
1405,40,21,12
1406,30,24,14
1407,5,2,14
1408,50,36,15
1409,42,30,22
1410,44,28,15
1411,31,32,8
1412,56,33,16
1413,31,40,19
1414,51,21,15
1415,13,7,9
1416,45,29,8
1417,49,41,11
1418,33,24,21
1419,46,30,15
1420,49,33,13
1421,43,38,10
1422,36,17,16
1423,18,16,13
1424,55,25,12
1425,46,28,13
1426,44,23,15
1427,51,25,10
1428,53,25,11
1429,40,27,16
1430,36,23,13
1431,7,7,9
1432,40,24,15
1433,44,26,8
1434,38,31,10
1435,47,35,9
1436,48,27,10
1437,41,37,6
1438,34,27,12
1439,13,10,12
1440,39,24,21
1441,35,35,14
1442,39,27,15
1443,26,24,5
1444,50,13,24
1445,40,28,16
1446,38,23,9
1447,9,5,10
1448,32,24,7
1449,53,33,20
1450,44,21,12
1451,33,31,12
1452,37,23,9
1453,47,21,10
1454,36,27,8
1455,12,16,8
1456,37,19,13
1457,47,24,10
1458,35,25,6
1459,43,17,15
1460,44,30,16
1461,46,36,12
1462,37,26,13
1463,10,8,15
1464,41,23,17
1465,52,31,12
1466,39,25,15
1467,25,26,4
1468,40,19,12
1469,46,22,10
1470,37,20,12
1471,12,11,13
1472,24,28,12
1473,55,29,11
1474,44,20,11
1475,42,16,10
1476,50,36,14
1477,44,28,11
1478,28,18,10
1479,13,6,9
1480,40,31,12
1481,52,36,15
1482,35,26,8
1483,48,18,13
1484,39,39,9
1485,37,32,15
1486,31,21,9
1487,15,10,12
1488,35,26,7
1489,38,32,12
1490,38,21,12
1491,33,19,13
1492,52,31,7
1493,47,27,6
1494,37,32,11
1495,5,5,8
1496,48,34,11
1497,39,23,10
1498,38,24,10
1499,43,21,14
1500,41,24,9
1501,61,24,13
1502,30,17,7
1503,23,14,12
1504,44,26,15
1505,29,21,9
1506,34,27,11
1507,30,21,10
1508,45,23,17
1509,32,15,10
1510,37,25,10
1511,4,8,10
1512,46,15,13
1513,50,31,7
1514,36,24,11
1515,38,18,11
1516,34,18,7
1517,36,32,4
1518,38,30,15
1519,19,11,14
1520,59,19,16
1521,40,24,15
1522,42,27,9
1523,31,17,14
1524,42,35,11
1525,29,14,3
1526,28,27,10
1527,6,5,12
1528,43,26,13
1529,34,27,15
1530,28,32,15
1531,39,36,14
1532,42,22,14
1533,31,29,9
1534,44,21,10
1535,310,218,13
1536,50,24,11
1537,30,36,8
1538,39,22,9
1539,33,21,9
1540,42,29,9
1541,48,19,9
1542,37,28,5
1543,8,5,11
1544,49,21,11
1545,49,21,15
1546,44,34,13
1547,31,22,10
1548,48,21,12
1549,44,23,12
1550,31,19,11
1551,12,4,11
1552,40,17,10
1553,30,25,16
1554,31,27,14
1555,27,31,11
1556,36,28,9
1557,31,26,10
1558,32,20,14
1559,4,2,12
1560,40,34,13
1561,42,36,5
1562,37,14,14
1563,30,18,11
1564,40,18,8
1565,39,23,10
1566,26,30,15
1567,12,8,5
1568,34,26,18
1569,41,26,9
1570,34,24,14
1571,33,18,10
1572,42,26,22
1573,37,23,10
1574,19,22,16
1575,14,6,13
1576,47,23,10
1577,45,24,12
1578,41,19,8
1579,33,19,12
1580,38,19,11
1581,31,21,6
1582,31,14,10
1583,10,9,12
1584,42,14,6
1585,24,23,6
1586,33,20,13
1587,27,22,4
1588,46,19,10
1589,29,22,7
1590,36,26,9
1591,5,7,11
1592,30,21,7
1593,48,25,14
1594,40,20,11
1595,25,22,9
1596,47,23,6
1597,35,20,6
1598,38,20,7
1599,15,7,9
1600,46,21,11
1601,38,30,10
1602,34,21,5
1603,36,29,5
1604,36,17,9
1605,34,16,10
1606,29,17,10
1607,5,4,8
1608,45,20,9
1609,43,22,16
1610,25,17,11
1611,46,15,11
1612,43,13,9
1613,34,14,7
1614,37,27,8
1615,21,7,8
1616,30,18,6
1617,46,23,7
1618,32,18,14
1619,27,24,5
1620,30,18,13
1621,26,22,9
1622,23,20,8
1623,6,8,10
1624,23,19,11
1625,36,20,10
1626,42,24,5
1627,23,17,16
1628,26,25,7
1629,44,15,6
1630,41,19,5
1631,14,10,7
1632,39,14,5
1633,36,26,6
1634,18,19,7
1635,27,22,12
1636,31,19,6
1637,37,17,10
1638,30,15,11
1639,5,6,11
1640,42,20,10
1641,25,26,13
1642,30,20,6
1643,24,21,9
1644,39,15,16
1645,34,23,12
1646,24,22,10
1647,14,6,7
1648,32,18,8
1649,26,26,7
1650,30,25,12
1651,32,16,14
1652,33,14,7
1653,29,22,7
1654,27,21,6
1655,2,4,9
1656,30,23,10
1657,37,23,5
1658,31,18,6
1659,21,25,6
1660,40,16,13
1661,29,20,13
1662,22,18,6
1663,3,1,6
1664,31,20,4
1665,30,19,7
1666,28,20,5
1667,31,20,9
1668,37,17,9
1669,26,21,4
1670,22,17,8
1671,6,6,9
1672,23,15,10
1673,39,21,13
1674,31,9,9
1675,17,27,7
1676,36,18,5
1677,22,20,7
1678,23,7,8
1679,12,5,8
1680,30,21,4
1681,24,18,7
1682,25,18,7
1683,26,19,6
1684,31,18,8
1685,21,15,7
1686,15,14,9
1687,1,2,4
1688,45,20,9
1689,31,21,4
1690,28,17,4
1691,16,14,3
1692,30,16,3
1693,29,31,9
1694,29,21,7
1695,10,11,9
1696,37,21,4
1697,29,20,6
1698,31,15,8
1699,17,18,2
1700,34,21,3
1701,33,19,10
1702,16,13,9
1703,2,3,6
1704,34,21,9
1705,28,19,9
1706,20,25,8
1707,28,14,9
1708,32,16,6
1709,34,21,7
1710,24,10,5
1711,7,10,5
1712,20,21,12
1713,36,17,5
1714,22,25,2
1715,24,21,6
1716,23,8,10
1717,26,25,8
1718,21,17,13
1719,3,1,6
1720,30,8,5
1721,30,24,1
1722,25,17,2
1723,19,17,5
1724,28,8,9
1725,27,21,8
1726,22,12,9
1727,7,4,7
1728,27,17,8
1729,26,20,6
1730,32,13,8
1731,19,17,3
1732,31,16,2
1733,20,19,6
1734,24,19,8
1735,5,6,6
1736,38,17,6
1737,30,25,8
1738,22,18,5
1739,25,17,7
1740,31,18,5
1741,27,16,2
1742,18,15,6
1743,12,13,6
1744,35,12,7
1745,28,23,6
1746,25,17,8
1747,21,16,3
1748,32,20,3
1749,20,19,9
1750,22,15,6
1751,3,6,7
1752,28,18,10
1753,24,21,10
1754,16,18,6
1755,20,15,9
1756,25,22,7
1757,27,16,4
1758,19,17,3
1759,15,9,4
1760,27,25,8
1761,18,16,7
1762,24,12,8
1763,26,13,5
1764,26,13,8
1765,15,23,4
1766,26,10,3
1767,5,4,9
1768,34,21,4
1769,27,22,5
1770,22,10,10
1771,17,12,6
1772,30,17,5
1773,26,25,8
1774,23,9,5
1775,10,9,7
1776,24,21,2
1777,21,16,4
1778,15,9,4
1779,20,14,7
1780,26,21,5
1781,23,25,5
1782,28,25,5
1783,8,3,2
1784,18,14,10
1785,26,10,9
1786,23,19,8
1787,19,23,8
1788,20,11,2
1789,32,23,4
1790,14,21,5
1791,12,9,5
1792,22,18,7
1793,33,19,6
1794,23,15,4
1795,20,19,4
1796,27,18,2
1797,19,13,8
1798,20,9,6
1799,1,1,5
1800,24,16,5
1801,20,15,4
1802,20,12,4
1803,16,19,4
1804,24,12,7
1805,23,16,5
1806,25,11,3
1807,10,9,4
1808,22,13,4
1809,22,17,4
1810,16,12,5
1811,25,15,5
1812,26,12,4
1813,29,18,7
1814,19,8,2
1815,7,5,7
1816,30,14,4
1817,34,16,2
1818,18,8,4
1819,19,10,8
1820,18,20,1
1821,24,11,7
1822,17,18,4
1823,6,6,3
1824,28,20,4
1825,28,18,4
1826,13,12,4
1827,23,15,6
1828,22,15,6
1829,23,18,2
1830,28,16,4
1831,1,8,5
1832,34,23,4
1833,30,15,5
1834,20,17,3
1835,15,27,4
1836,18,17,6
1837,22,17,4
1838,18,11,4
1839,6,2,4
1840,22,22,6
1841,16,18,4
1842,21,15,5
1843,24,18,5
1844,19,16,4
1845,18,11,3
1846,16,17,2
1847,4,3,3
1848,23,10,5
1849,28,14,2
1850,21,13,4
1851,25,13,2
1852,22,18,2
1853,24,14,2
1854,14,5,2
1855,6,5,2
1856,31,14,2
1857,14,15,7
1858,16,9,3
1859,19,12,7
1860,23,14,3
1861,25,17,9
1862,21,14,2
1863,3,1,6
1864,20,13,4
1865,20,12,4
1866,17,17,2
1867,18,10,7
1868,22,20,2
1869,27,24,4
1870,20,10,2
1871,12,9,5
1872,13,16,4
1873,19,14,4
1874,23,15,5
1875,20,16,5
1876,24,8,6
1877,24,17,6
1878,15,13,2
1879,0,2,7
1880,15,18,4
1881,15,15,3
1882,19,6,3
1883,20,12,3
1884,23,11,1
1885,18,24,5
1886,17,10,5
1887,3,4,11
1888,22,17,2
1889,15,16,2
1890,16,10,0
1891,12,16,3
1892,25,21,4
1893,20,22,5
1894,9,9,3
1895,7,5,3
1896,25,6,4
1897,20,15,5
1898,16,5,3
1899,19,17,2
1900,19,16,5
1901,9,7,6
1902,18,14,3
1903,9,8,7
1904,9,9,0
1905,21,12,4
1906,28,15,6
1907,20,7,3
1908,21,14,2
1909,25,12,2
1910,22,10,7
1911,4,3,2
1912,24,10,7
1913,24,19,5
1914,15,15,4
1915,20,10,4
1916,17,13,5
1917,21,12,4
1918,12,11,4
1919,3,2,7
1920,17,9,5
1921,20,4,4
1922,18,10,6
1923,12,13,4
1924,23,10,4
1925,10,11,3
1926,16,12,1
1927,3,3,4
1928,22,7,2
1929,16,14,5
1930,16,14,5
1931,11,6,3
1932,24,13,1
1933,17,13,3
1934,23,8,8
1935,9,5,2
1936,24,14,3
1937,19,10,4
1938,9,11,4
1939,15,20,3
1940,20,12,2
1941,16,13,4
1942,13,11,5
1943,4,3,2
1944,16,12,4
1945,16,13,6
1946,17,11,5
1947,13,12,5
1948,17,12,4
1949,16,13,4
1950,21,7,4
1951,6,7,3
1952,12,20,3
1953,19,15,2
1954,9,6,2
1955,10,13,5
1956,21,12,1
1957,19,12,2
1958,20,10,1
1959,0,2,3
1960,18,13,7
1961,13,8,2
1962,14,6,3
1963,21,20,4
1964,14,11,5
1965,14,11,4
1966,23,13,0
1967,11,3,7
1968,19,10,4
1969,21,16,3
1970,16,8,6
1971,16,10,4
1972,13,13,3
1973,14,13,3
1974,17,10,4
1975,3,3,1
1976,24,16,1
1977,12,2,0
1978,19,12,0
1979,10,9,2
1980,23,12,1
1981,23,11,6
1982,15,6,1
1983,6,7,2
1984,19,9,2
1985,14,20,3
1986,12,6,1
1987,16,17,3
1988,14,12,4
1989,18,15,7
1990,12,5,5
1991,3,4,2
1992,15,10,3
1993,22,14,2
1994,19,8,3
1995,20,10,4
1996,12,16,1
1997,16,13,2
1998,13,9,1
1999,9,7,2
2000,10,12,5
2001,14,13,2
2002,13,9,2
2003,6,13,2
2004,19,14,6
2005,13,17,4
2006,9,11,3
2007,2,4,1
2008,14,7,3
2009,10,17,4
2010,19,6,5
2011,6,6,5
2012,19,13,5
2013,17,11,3
2014,10,6,3
2015,6,4,5
2016,18,14,4
2017,17,11,4
2018,12,13,2
2019,15,18,2
2020,19,14,5
2021,13,10,3
2022,8,10,3
2023,1,2,2
2024,18,10,3
2025,14,7,2
2026,14,12,5
2027,14,10,2
2028,20,18,0
2029,13,9,3
2030,14,20,2
2031,10,11,3
2032,14,17,2
2033,21,13,0
2034,16,12,5
2035,8,9,1
2036,16,10,4
2037,25,7,0
2038,10,8,3
2039,4,4,4
2040,16,10,2
2041,22,13,3
2042,12,7,0
2043,15,3,4
2044,19,7,0
2045,19,5,5
2046,9,5,2
2047,4,2,0
2048,15,13,1
2049,12,12,2
2050,13,11,3
2051,9,6,2
2052,14,12,1
2053,13,13,5
2054,8,8,4
2055,3,1,2
2056,19,11,5
2057,24,14,0
2058,12,11,2
2059,12,5,1
2060,18,11,3
2061,12,9,1
2062,11,11,1
2063,9,6,4
2064,12,14,4
2065,17,7,0
2066,18,12,2
2067,10,8,4
2068,20,13,2
2069,14,8,0
2070,15,10,5
2071,2,3,0
2072,16,11,3
2073,14,13,1
2074,13,5,1
2075,19,8,1
2076,20,10,1
2077,19,5,3
2078,15,10,4
2079,5,1,1
2080,12,5,2
2081,19,18,3
2082,14,14,2
2083,8,8,2
2084,19,8,1
2085,13,14,0
2086,13,7,0
2087,1,1,2
2088,19,7,1
2089,18,12,5
2090,15,9,3
2091,14,12,5
2092,10,9,3
2093,15,14,1
2094,19,5,2
2095,4,4,5
2096,14,9,4
2097,9,9,3
2098,21,10,2
2099,16,12,0
2100,13,9,2
2101,21,9,2
2102,11,7,1
2103,1,3,2
2104,23,11,5
2105,13,11,2
2106,12,9,4
2107,14,15,1
2108,26,9,4
2109,11,11,1
2110,9,8,2
2111,6,6,2
2112,17,13,2
2113,14,5,2
2114,20,14,4
2115,20,10,1
2116,14,11,4
2117,10,11,1
2118,9,12,1
2119,2,2,2
2120,18,10,2
2121,11,14,1
2122,21,11,0
2123,15,7,2
2124,15,11,1
2125,17,12,1
2126,15,15,3
2127,9,2,5
2128,12,7,3
2129,16,13,3
2130,16,15,1
2131,17,10,1
2132,20,4,2
2133,9,11,2
2134,11,6,3
2135,2,2,4
2136,22,13,1
2137,15,15,1
2138,22,14,3
2139,17,11,0
2140,17,11,1
2141,20,7,2
2142,18,6,0
2143,8,7,1
2144,17,8,2
2145,23,13,3
2146,23,8,1
2147,16,14,0
2148,24,15,2
2149,16,20,1
2150,22,12,1
2151,3,1,3
2152,26,9,0
2153,17,8,1
2154,25,11,1
2155,10,15,0
2156,27,12,1
2157,23,19,3
2158,24,8,3
2159,8,3,1
2160,12,13,2
2161,22,13,3
2162,20,14,1
2163,18,6,1
2164,17,11,3
2165,16,11,4
2166,13,10,2
2167,2,4,0
2168,16,12,0
2169,19,12,2
2170,20,16,1
2171,14,8,1
2172,19,15,4
2173,16,9,2
2174,13,15,0
2175,0,0,0
2176,21,9,0
2177,21,10,1
2178,25,14,0
2179,18,15,1
2180,27,12,3
2181,17,12,3
2182,15,13,3
2183,1,3,0
2184,20,14,1
2185,22,10,2
2186,18,11,1
2187,21,16,1
2188,23,10,0
2189,16,12,2
2190,21,5,1
2191,6,4,3
2192,17,10,0
2193,18,11,3
2194,26,7,0
2195,11,16,2
2196,18,7,1
2197,18,12,2
2198,15,6,0
2199,5,1,2
2200,11,8,2
2201,12,10,2
2202,17,8,1
2203,16,7,1
2204,9,14,1
2205,20,18,2
2206,15,8,3
2207,3,7,4
2208,19,9,6
2209,17,9,0
2210,17,8,1
2211,9,18,0
2212,7,10,0
2213,21,13,2
2214,5,10,0
2215,0,4,2
2216,25,15,3
2217,14,12,0
2218,17,2,0
2219,13,5,2
2220,17,10,2
2221,17,15,1
2222,13,9,3
2223,9,5,2
2224,15,15,1
2225,10,11,0
2226,9,4,4
2227,7,10,2
2228,18,12,1
2229,15,11,1
2230,8,6,2
2231,4,2,4
2232,12,9,0
2233,16,11,2
2234,3,14,1
2235,7,12,1
2236,14,11,0
2237,17,12,1
2238,12,8,2
2239,1,2,1
2240,14,9,4
2241,11,9,2
2242,13,12,0
2243,13,7,1
2244,18,12,1
2245,7,9,3
2246,9,6,2
2247,0,1,1
2248,7,11,1
2249,12,10,1
2250,7,8,1
2251,12,10,2
2252,13,6,0
2253,8,12,1
2254,10,6,3
2255,2,8,1
2256,17,12,1
2257,8,11,0
2258,11,9,1
2259,8,11,2
2260,12,11,1
2261,12,8,1
2262,4,7,2
2263,2,2,2
2264,14,6,1
2265,14,13,0
2266,7,6,4
2267,13,4,3
2268,18,7,1
2269,13,9,1
2270,5,6,0
2271,3,3,1
2272,8,16,1
2273,7,5,2
2274,10,2,1
2275,11,10,0
2276,11,6,3
2277,9,10,1
2278,6,6,0
2279,0,3,1
2280,8,10,2
2281,3,7,2
2282,6,8,2
2283,11,3,0
2284,8,6,0
2285,11,5,2
2286,11,4,0
2287,1,0,1
2288,6,3,1
2289,5,7,1
2290,7,5,2
2291,5,4,1
2292,12,9,0
2293,6,5,0
2294,9,6,1
2295,0,2,2
2296,11,14,0
2297,5,7,1
2298,9,4,1
2299,6,2,3
2300,9,5,3
2301,9,0,0
2302,12,6,1
2303,8,2,1
2304,8,5,1
2305,5,2,2
2306,10,2,1
2307,4,5,0
2308,4,3,1
2309,14,5,0
2310,5,5,1
2311,1,0,3
2312,6,2,1
2313,4,4,0
2314,3,7,0
2315,11,8,4
2316,4,6,1
2317,7,6,0
2318,11,4,0
2319,0,3,0
2320,5,3,1
2321,6,1,0
2322,8,1,0
2323,5,2,1
2324,10,9,1
2325,10,3,2
2326,4,2,0
2327,0,1,1
2328,11,2,0
2329,11,2,0
2330,8,2,0
2331,8,6,0
2332,7,8,1
2333,8,8,0
2334,5,2,2
2335,2,2,0
2336,9,8,3
2337,7,11,1
2338,7,7,0
2339,7,3,2
2340,5,5,1
2341,7,2,2
2342,2,2,0
2343,1,4,2
2344,11,9,2
2345,7,4,0
2346,3,5,4
2347,8,8,1
2348,3,8,2
2349,14,3,1
2350,7,6,0
2351,1,3,1
2352,5,2,0
2353,7,5,2
2354,5,6,3
2355,7,7,3
2356,8,5,2
2357,9,6,1
2358,5,3,0
2359,0,1,0
2360,6,2,1
2361,8,2,2
2362,8,4,1
2363,2,5,3
2364,7,5,1
2365,4,9,1
2366,7,0,1
2367,2,3,1
2368,8,3,1
2369,4,7,0
2370,5,5,0
2371,3,4,1
2372,8,2,0
2373,7,6,0
2374,6,4,2
2375,1,1,2
2376,6,6,1
2377,7,6,1
2378,3,1,1
2379,7,9,0
2380,7,3,2
2381,6,2,1
2382,5,4,1
2383,3,2,1
2384,7,4,1
2385,7,7,0
2386,9,2,1
2387,3,3,2
2388,8,3,0
2389,4,4,2
2390,4,1,5
2391,0,0,1
2392,6,4,3
2393,5,6,0
2394,5,2,1
2395,4,3,2
2396,9,3,2
2397,5,7,0
2398,5,5,1
2399,1,1,0
2400,5,3,1
2401,7,5,0
2402,4,3,0
2403,5,5,1
2404,10,4,0
2405,2,2,1
2406,2,2,1
2407,2,2,0
2408,8,4,0
2409,3,10,3
2410,6,3,1
2411,6,3,2
2412,2,4,0
2413,9,2,0
2414,5,5,0
2415,2,1,1
2416,3,6,0
2417,5,3,0
2418,5,3,1
2419,4,5,0
2420,2,7,0
2421,4,5,2
2422,4,1,0
2423,0,1,1
2424,5,1,2
2425,4,3,0
2426,2,1,0
2427,12,2,0
2428,7,4,4
2429,3,5,1
2430,4,2,0
2431,0,0,0
2432,4,3,0
2433,8,7,0
2434,2,2,0
2435,4,1,2
2436,6,1,2
2437,6,3,1
2438,1,3,2
2439,1,1,1
2440,7,4,0
2441,5,2,0
2442,4,3,0
2443,3,3,0
2444,9,6,0
2445,3,2,1
2446,5,2,0
2447,1,2,1
2448,5,5,0
2449,4,0,1
2450,3,3,1
2451,2,2,0
2452,8,3,1
2453,3,3,0
2454,2,3,0
2455,1,1,1
2456,0,2,0
2457,7,4,0
2458,5,2,0
2459,6,5,0
2460,9,6,0
2461,5,1,1
2462,1,4,0
2463,2,0,0
2464,7,0,2
2465,5,6,1
2466,4,4,0
2467,3,0,0
2468,9,7,0
2469,6,3,0
2470,3,4,0
2471,0,2,1
2472,8,3,0
2473,8,1,1
2474,5,2,2
2475,5,4,1
2476,8,1,0
2477,4,5,0
2478,5,3,0
2479,1,0,0
2480,7,2,1
2481,10,3,0
2482,4,4,0
2483,7,2,0
2484,2,6,2
2485,8,3,0
2486,5,2,1
2487,1,1,1
2488,8,4,0
2489,5,0,0
2490,6,4,0
2491,5,3,1
2492,4,3,0
2493,2,6,1
2494,6,2,1
2495,1,0,2
2496,6,3,0
2497,4,7,0
2498,6,3,0
2499,7,4,1
2500,6,0,0
2501,9,2,0
2502,6,4,0
2503,0,1,0
2504,2,1,0
2505,3,7,1
2506,5,2,0
2507,2,2,1
2508,7,5,1
2509,5,2,0
2510,4,2,1
2511,0,4,0
2512,3,6,0
2513,8,7,1
2514,3,1,0
2515,7,1,0
2516,3,2,3
2517,3,2,0
2518,0,3,0
2519,2,2,0
2520,5,2,0
2521,4,2,0
2522,4,2,0
2523,1,4,0
2524,9,2,0
2525,7,2,1
2526,4,2,0
2527,1,1,0
2528,5,1,0
2529,6,0,0
2530,4,1,0
2531,1,5,0
2532,6,1,0
2533,2,3,1
2534,2,1,0
2535,1,2,0
2536,7,5,2
2537,6,7,2
2538,4,3,1
2539,3,1,0
2540,6,3,0
2541,6,4,0
2542,4,2,0
2543,1,0,0
2544,6,3,1
2545,5,6,1
2546,2,2,1
2547,4,6,0
2548,3,4,0
2549,5,4,0
2550,1,0,0
2551,0,0,0
2552,6,3,0
2553,8,1,0
2554,4,2,0
2555,6,2,0
2556,3,2,0
2557,2,3,0
2558,3,2,2
2559,26,18,0
2560,3,6,0
2561,4,6,0
2562,3,3,1
2563,3,2,0
2564,1,3,0
2565,3,0,0
2566,3,1,0
2567,0,2,0
2568,5,1,0
2569,3,2,0
2570,3,2,0
2571,5,0,0
2572,2,3,0
2573,7,2,0
2574,1,4,0
2575,2,1,1
2576,9,2,1
2577,10,6,2
2578,4,5,0
2579,6,3,0
2580,3,3,0
2581,4,5,0
2582,2,10,1
2583,1,1,1
2584,3,1,2
2585,4,1,1
2586,3,1,0
2587,4,2,1
2588,1,1,1
2589,2,4,0
2590,5,2,0
2591,2,1,2
2592,2,2,0
2593,2,2,0
2594,3,2,0
2595,0,3,0
2596,7,4,0
2597,3,7,0
2598,1,2,0
2599,0,1,0
2600,2,3,1
2601,4,5,1
2602,4,5,0
2603,0,0,0
2604,4,4,0
2605,4,4,1
2606,2,2,0
2607,0,0,1
2608,4,2,0
2609,3,5,1
2610,5,3,0
2611,1,0,0
2612,5,2,0
2613,4,0,2
2614,3,1,1
2615,0,1,0
2616,3,2,0
2617,6,5,0
2618,0,0,0
2619,0,2,0
2620,5,0,0
2621,5,2,1
2622,2,3,0
2623,0,0,0
2624,4,1,0
2625,2,2,0
2626,2,3,0
2627,6,3,1
2628,6,3,0
2629,5,2,0
2630,5,0,0
2631,0,0,0
2632,2,5,0
2633,4,2,0
2634,4,1,0
2635,3,1,0
2636,2,2,0
2637,2,3,2
2638,3,1,0
2639,0,1,2
2640,2,1,0
2641,0,2,0
2642,0,2,0
2643,2,3,0
2644,3,6,3
2645,4,3,1
2646,2,3,0
2647,0,1,0
2648,4,1,0
2649,2,1,0
2650,3,6,1
2651,2,3,0
2652,7,2,0
2653,4,0,0
2654,5,1,0
2655,1,2,1
2656,3,2,1
2657,1,3,0
2658,3,3,1
2659,2,1,1
2660,5,1,0
2661,5,1,1
2662,2,0,1
2663,0,0,0
2664,2,5,0
2665,4,2,0
2666,3,1,1
2667,0,2,0
2668,2,3,0
2669,1,1,1
2670,1,0,0
2671,0,1,0
2672,5,1,1
2673,3,1,1
2674,2,6,0
2675,1,4,0
2676,2,1,0
2677,3,2,1
2678,1,5,1
2679,0,0,0
2680,3,1,1
2681,2,2,0
2682,5,1,0
2683,1,1,0
2684,3,1,0
2685,0,1,0
2686,3,0,0
2687,1,0,1
2688,3,2,0
2689,4,1,0
2690,4,1,0
2691,3,2,0
2692,2,1,0
2693,4,0,1
2694,2,1,0
2695,1,0,0
2696,2,2,0
2697,3,2,0
2698,2,1,1
2699,2,4,0
2700,6,1,0
2701,6,2,0
2702,0,0,0
2703,3,1,0
2704,2,6,0
2705,4,2,1
2706,3,4,0
2707,2,1,0
2708,2,2,0
2709,4,0,0
2710,0,1,0
2711,0,1,1
2712,4,3,0
2713,3,1,0
2714,5,2,1
2715,4,2,0
2716,4,5,0
2717,1,4,1
2718,2,1,0
2719,2,1,1
2720,5,1,0
2721,6,2,0
2722,2,0,0
2723,0,2,0
2724,2,1,0
2725,3,0,0
2726,1,2,0
2727,0,0,1
2728,5,0,0
2729,3,2,0
2730,2,2,0
2731,1,0,0
2732,1,2,0
2733,1,6,0
2734,3,4,0
2735,0,0,0
2736,0,1,0
2737,1,4,0
2738,3,2,0
2739,2,5,0
2740,2,1,0
2741,2,1,0
2742,3,0,0
2743,1,0,1
2744,5,0,0
2745,3,2,1
2746,1,0,0
2747,1,1,0
2748,2,3,0
2749,0,1,0
2750,1,0,0
2751,2,1,1
2752,4,0,1
2753,1,3,0
2754,1,3,0
2755,1,1,0
2756,4,2,1
2757,1,0,1
2758,1,2,0
2759,0,0,0
2760,2,2,0
2761,2,3,1
2762,1,1,0
2763,3,2,0
2764,1,2,0
2765,0,2,0
2766,0,1,1
2767,2,0,1
2768,0,0,0
2769,4,4,1
2770,2,3,0
2771,1,0,0
2772,5,0,0
2773,1,1,0
2774,1,2,0
2775,2,0,0
2776,2,2,0
2777,3,3,0
2778,3,4,0
2779,2,2,0
2780,5,5,0
2781,0,0,0
2782,0,0,0
2783,1,1,0
2784,2,1,0
2785,0,1,0
2786,2,2,0
2787,1,2,1
2788,2,2,0
2789,2,0,0
2790,0,1,0
2791,0,0,0
2792,3,1,0
2793,0,4,0
2794,2,1,0
2795,5,0,0
2796,3,1,0
2797,1,1,0
2798,1,1,1
2799,0,3,0
2800,5,0,0
2801,2,0,1
2802,4,1,0
2803,0,1,0
2804,2,0,0
2805,0,3,0
2806,1,1,0
2807,0,0,1
2808,5,2,0
2809,3,1,0
2810,3,3,1
2811,2,1,0
2812,3,3,0
2813,3,2,0
2814,3,0,0
2815,1,0,0
2816,2,0,1
2817,0,2,0
2818,1,1,1
2819,4,0,0
2820,4,1,0
2821,1,0,0
2822,1,2,0
2823,0,0,1
2824,4,2,0
2825,0,0,0
2826,1,2,1
2827,1,3,0
2828,2,0,0
2829,3,2,0
2830,4,2,0
2831,1,1,0
2832,1,2,1
2833,2,1,0
2834,0,2,0
2835,0,1,0
2836,3,1,0
2837,4,0,0
2838,0,2,1
2839,0,0,0
2840,2,3,0
2841,1,1,1
2842,0,1,0
2843,2,1,0
2844,2,4,0
2845,4,1,0
2846,1,0,0
2847,1,0,0
2848,2,1,0
2849,1,1,0
2850,4,0,0
2851,2,1,0
2852,3,0,1
2853,3,0,1
2854,1,3,1
2855,0,1,0
2856,3,1,1
2857,5,2,1
2858,1,2,0
2859,0,2,0
2860,2,0,0
2861,1,1,0
2862,2,1,0
2863,0,1,0
2864,0,1,0
2865,2,1,0
2866,3,1,1
2867,1,0,0
2868,2,0,0
2869,1,1,0
2870,0,0,0
2871,0,0,0
2872,2,1,1
2873,1,1,0
2874,2,0,0
2875,0,1,0
2876,1,0,1
2877,0,2,0
2878,1,2,0
2879,0,0,0
2880,2,1,0
2881,1,0,0
2882,1,0,0
2883,0,4,0
2884,3,1,0
2885,0,1,0
2886,1,0,0
2887,0,0,0
2888,0,2,1
2889,3,2,0
2890,1,0,0
2891,0,0,0
2892,5,1,0
2893,5,1,1
2894,3,1,0
2895,0,0,0
2896,0,0,0
2897,6,1,0
2898,2,0,0
2899,1,0,1
2900,0,1,0
2901,1,2,0
2902,3,2,0
2903,0,0,0
2904,0,1,0
2905,1,1,1
2906,1,2,0
2907,0,2,1
2908,2,1,0
2909,1,0,0
2910,1,2,0
2911,0,0,0
2912,2,1,0
2913,2,4,0
2914,1,1,0
2915,1,0,0
2916,3,0,0
2917,1,0,0
2918,3,1,2
2919,0,2,0
2920,4,2,0
2921,0,0,0
2922,3,2,0
2923,1,0,0
2924,1,0,0
2925,2,1,0
2926,0,0,0
2927,0,1,0
2928,2,0,0
2929,1,3,0
2930,2,1,1
2931,1,1,0
2932,2,0,0
2933,1,0,0
2934,2,1,0
2935,0,0,0
2936,3,2,0
2937,2,0,0
2938,2,1,0
2939,0,1,0
2940,2,2,0
2941,1,3,0
2942,1,1,0
2943,0,0,0
2944,3,2,0
2945,1,0,0
2946,1,0,0
2947,1,1,0
2948,1,0,0
2949,1,2,0
2950,0,4,0
2951,1,1,0
2952,3,1,0
2953,2,1,0
2954,0,1,0
2955,3,0,0
2956,4,2,0
2957,3,1,0
2958,2,0,0
2959,0,1,0
2960,2,1,0
2961,2,3,0
2962,1,0,0
2963,1,1,0
2964,5,0,0
2965,1,1,0
2966,1,1,0
2967,1,0,1
2968,1,0,0
2969,1,0,0
2970,0,0,0
2971,1,0,0
2972,1,0,0
2973,0,1,0
2974,2,3,0
2975,0,2,0
2976,2,0,0
2977,1,1,0
2978,2,0,1
2979,3,1,0
2980,0,2,0
2981,1,1,0
2982,0,0,0
2983,0,0,0
2984,2,1,0
2985,3,1,0
2986,1,0,0
2987,1,5,0
2988,3,1,0
2989,1,0,0
2990,2,3,0
2991,0,0,0
2992,0,0,0
2993,1,1,0
2994,0,2,0
2995,0,1,0
2996,1,0,0
2997,1,0,0
2998,0,0,0
2999,0,0,0
3000,2,0,0
3001,1,0,0
3002,0,0,0
3003,0,2,0
3004,3,1,0
3005,2,1,0
3006,1,1,0
3007,0,0,0
3008,2,1,0
3009,4,2,0
3010,3,1,0
3011,2,1,0
3012,3,0,0
3013,2,0,0
3014,1,1,0
3015,0,1,1
3016,3,1,0
3017,0,1,0
3018,2,2,0
3019,3,0,0
3020,2,1,0
3021,3,1,0
3022,1,0,0
3023,1,0,2
3024,2,1,0
3025,2,3,0
3026,2,0,0
3027,0,0,0
3028,1,1,0
3029,2,2,0
3030,3,1,1
3031,0,0,0
3032,1,0,0
3033,5,1,0
3034,2,0,0
3035,0,5,0
3036,3,3,0
3037,4,1,0
3038,2,2,0
3039,1,0,0
3040,0,2,0
3041,1,0,0
3042,0,0,0
3043,2,4,0
3044,3,2,0
3045,2,2,0
3046,0,1,0
3047,0,1,0
3048,1,0,0
3049,2,2,0
3050,0,0,0
3051,1,0,0
3052,1,0,0
3053,2,3,0
3054,1,1,0
3055,2,1,0
3056,0,1,0
3057,2,2,0
3058,2,1,0
3059,1,1,1
3060,2,2,0
3061,1,1,0
3062,1,1,0
3063,0,0,0
3064,1,1,0
3065,0,2,0
3066,1,0,0
3067,0,2,0
3068,3,1,0
3069,2,3,0
3070,1,1,0
3071,1,0,0
3072,3,0,0
3073,2,3,0
3074,0,0,0
3075,2,2,0
3076,1,3,0
3077,2,2,0
3078,1,0,0
3079,0,0,1
3080,5,1,0
3081,3,2,0
3082,0,1,0
3083,0,0,0
3084,2,2,0
3085,1,3,0
3086,1,1,0
3087,1,0,0
3088,4,1,0
3089,1,1,0
3090,3,1,0
3091,2,2,0
3092,4,2,0
3093,3,1,0
3094,1,1,0
3095,1,1,0
3096,2,0,0
3097,0,0,0
3098,0,2,1
3099,0,1,0
3100,2,0,0
3101,1,2,0
3102,1,1,0
3103,1,2,1
3104,1,0,1
3105,2,0,0
3106,1,1,0
3107,2,0,0
3108,0,0,0
3109,3,0,0
3110,0,2,0
3111,0,0,0
3112,4,1,0
3113,1,5,0
3114,1,3,0
3115,4,1,0
3116,0,1,0
3117,1,1,0
3118,1,1,0
3119,0,0,0
3120,2,1,0
3121,5,1,0
3122,0,0,0
3123,2,0,0
3124,1,2,0
3125,4,0,0
3126,1,1,0
3127,0,0,0
3128,1,1,0
3129,0,0,0
3130,0,2,0
3131,2,1,0
3132,0,0,0
3133,0,0,0
3134,2,2,1
3135,1,0,0
3136,1,0,0
3137,2,2,0
3138,4,1,0
3139,2,0,0
3140,0,2,0
3141,1,1,1
3142,1,0,0
3143,0,0,1
3144,2,2,0
3145,2,2,1
3146,0,2,0
3147,1,2,0
3148,2,1,0
3149,2,0,0
3150,1,2,0
3151,1,1,0
3152,1,1,0
3153,3,0,0
3154,2,2,0
3155,2,0,0
3156,4,0,0
3157,0,0,0
3158,0,0,0
3159,0,0,0
3160,3,0,0
3161,3,3,0
3162,2,1,0
3163,2,3,0
3164,1,2,0
3165,0,2,0
3166,3,2,0
3167,0,0,0
3168,4,0,0
3169,3,0,0
3170,2,0,0
3171,0,2,0
3172,3,0,0
3173,5,1,0
3174,0,1,0
3175,0,1,0
3176,1,2,0
3177,5,0,0
3178,1,1,0
3179,3,0,0
3180,6,3,0
3181,0,1,0
3182,0,2,0
3183,0,0,0
3184,0,1,0
3185,4,2,0
3186,2,0,0
3187,0,2,0
3188,3,1,0
3189,0,1,0
3190,0,1,0
3191,0,0,0
3192,1,1,0
3193,1,2,0
3194,2,2,0
3195,1,2,0
3196,1,1,0
3197,0,0,0
3198,1,0,0
3199,2,0,0
3200,1,0,0
3201,4,1,0
3202,0,0,0
3203,1,1,0
3204,1,2,0
3205,1,0,0
3206,0,2,0
3207,0,2,0
3208,2,1,0
3209,5,2,0
3210,2,0,1
3211,0,0,0
3212,0,1,0
3213,4,0,0
3214,1,0,0
3215,1,0,0
3216,3,0,0
3217,2,2,0
3218,1,0,0
3219,1,0,0
3220,3,0,0
3221,0,0,0
3222,1,0,0
3223,0,0,0
3224,1,1,0
3225,0,1,0
3226,0,2,0
3227,1,0,0
3228,1,1,0
3229,0,2,0
3230,0,1,0
3231,1,0,0
3232,1,1,0
3233,2,2,0
3234,0,0,0
3235,1,2,0
3236,1,3,0
3237,0,1,0
3238,0,0,0
3239,0,1,0
3240,1,0,0
3241,0,1,0
3242,0,0,0
3243,2,0,0
3244,2,1,0
3245,1,0,0
3246,1,0,0
3247,0,0,0
3248,0,1,0
3249,2,2,0
3250,1,0,0
3251,1,0,0
3252,0,1,0
3253,2,0,0
3254,0,0,0
3255,0,0,0
3256,1,1,0
3257,0,1,1
3258,0,0,0
3259,4,2,0
3260,3,0,0
3261,1,1,0
3262,0,1,0
3263,2,0,0
3264,2,0,0
3265,0,2,0
3266,0,0,0
3267,0,1,0
3268,0,0,0
3269,1,0,0
3270,2,0,0
3271,0,0,1
3272,0,0,0
3273,2,1,0
3274,2,0,0
3275,2,0,0
3276,2,1,0
3277,2,2,0
3278,1,2,1
3279,0,0,0
3280,2,1,0
3281,0,1,0
3282,1,0,0
3283,0,1,0
3284,6,0,0
3285,2,1,0
3286,2,0,0
3287,0,0,0
3288,1,0,0
3289,0,3,0
3290,1,0,0
3291,2,0,1
3292,1,0,0
3293,2,2,0
3294,0,1,0
3295,0,1,0
3296,0,0,0
3297,2,3,0
3298,1,0,0
3299,0,0,0
3300,0,1,0
3301,1,2,0
3302,0,1,0
3303,1,0,0
3304,0,0,0
3305,0,0,0
3306,3,2,0
3307,0,2,0
3308,3,0,0
3309,1,1,0
3310,0,1,0
3311,1,0,0
3312,0,1,0
3313,0,0,0
3314,0,2,0
3315,0,0,0
3316,3,1,0
3317,1,2,0
3318,1,0,0
3319,0,0,0
3320,2,2,0
3321,0,1,0
3322,1,1,0
3323,0,0,0
3324,0,1,0
3325,1,1,0
3326,2,0,0
3327,0,0,0
3328,2,1,0
3329,0,1,0
3330,3,0,0
3331,0,1,0
3332,0,0,0
3333,2,0,0
3334,1,0,0
3335,0,0,0
3336,2,0,0
3337,0,0,0
3338,1,0,0
3339,1,0,0
3340,2,1,0
3341,0,0,0
3342,0,1,0
3343,1,2,0
3344,0,0,0
3345,0,1,0
3346,1,0,0
3347,1,0,0
3348,0,0,0
3349,2,0,0
3350,1,0,0
3351,0,1,0
3352,1,1,0
3353,0,2,0
3354,1,1,0
3355,2,2,0
3356,2,0,0
3357,1,0,0
3358,1,0,0
3359,0,1,0
3360,0,0,0
3361,2,1,0
3362,0,1,0
3363,1,0,0
3364,0,1,0
3365,1,0,0
3366,0,1,0
3367,0,0,0
3368,2,2,0
3369,0,0,0
3370,0,4,0
3371,0,0,0
3372,1,1,0
3373,1,2,0
3374,0,0,0
3375,0,0,0
3376,2,0,0
3377,1,0,0
3378,0,0,0
3379,2,0,0
3380,1,0,0
3381,1,0,0
3382,1,0,0
3383,0,0,0
3384,0,2,0
3385,1,0,0
3386,0,1,0
3387,0,0,0
3388,0,1,0
3389,1,2,0
3390,0,1,0
3391,0,1,0
3392,1,2,0
3393,1,2,0
3394,0,1,0
3395,0,2,0
3396,0,0,0
3397,1,1,0
3398,0,2,0
3399,0,0,0
3400,0,0,0
3401,0,0,0
3402,1,0,0
3403,0,0,0
3404,2,1,0
3405,0,1,0
3406,1,0,0
3407,0,1,0
3408,1,0,0
3409,0,0,0
3410,0,1,0
3411,1,1,0
3412,1,0,0
3413,1,1,0
3414,0,0,0
3415,0,0,0
3416,1,0,1
3417,1,0,0
3418,1,0,0
3419,1,0,0
3420,1,1,0
3421,1,0,0
3422,1,0,0
3423,0,0,0
3424,1,0,0
3425,1,0,0
3426,2,1,0
3427,0,1,0
3428,1,0,0
3429,0,1,0
3430,0,1,0
3431,0,1,0
3432,1,0,0
3433,2,3,0
3434,2,2,0
3435,1,0,0
3436,0,0,0
3437,0,0,0
3438,0,0,0
3439,1,1,0
3440,0,2,0
3441,0,0,0
3442,0,0,0
3443,1,0,0
3444,1,1,0
3445,1,1,0
3446,2,0,0
3447,1,0,0
3448,1,0,0
3449,0,0,0
3450,0,1,0
3451,0,1,0
3452,2,1,0
3453,0,2,0
3454,0,0,0
3455,0,0,0
3456,0,3,0
3457,1,0,0
3458,0,0,0
3459,0,0,0
3460,2,0,0
3461,2,0,0
3462,0,0,0
3463,0,0,0
3464,0,0,0
3465,0,0,1
3466,0,0,0
3467,0,0,0
3468,1,0,0
3469,1,1,0
3470,0,0,0
3471,0,0,0
3472,0,1,0
3473,1,0,0
3474,0,0,0
3475,1,0,0
3476,0,0,0
3477,0,0,0
3478,0,1,0
3479,0,0,0
3480,1,0,0
3481,0,0,0
3482,0,2,0
3483,1,0,0
3484,0,0,0
3485,0,0,0
3486,0,0,0
3487,1,0,0
3488,1,1,0
3489,1,0,0
3490,1,1,0
3491,0,0,0
3492,1,0,0
3493,0,0,0
3494,0,0,0
3495,0,0,0
3496,2,1,0
3497,2,0,0
3498,1,0,0
3499,0,1,0
3500,1,1,0
3501,0,2,0
3502,0,1,0
3503,0,0,0
3504,0,0,0
3505,1,0,0
3506,0,1,0
3507,0,0,0
3508,0,0,0
3509,2,0,0
3510,1,0,0
3511,0,0,0
3512,1,0,0
3513,0,0,0
3514,0,3,0
3515,0,2,0
3516,1,0,0
3517,1,1,0
3518,0,1,0
3519,1,0,0
3520,0,0,0
3521,0,2,0
3522,0,0,0
3523,0,1,0
3524,0,0,0
3525,1,0,0
3526,0,0,0
3527,0,0,0
3528,0,1,0
3529,0,1,0
3530,0,1,0
3531,0,0,0
3532,2,0,0
3533,1,2,0
3534,0,1,0
3535,0,0,1
3536,0,0,0
3537,1,1,0
3538,1,1,0
3539,0,2,0
3540,1,0,0
3541,1,0,0
3542,0,0,0
3543,0,0,0
3544,3,1,0
3545,0,1,0
3546,0,0,0
3547,1,1,0
3548,0,0,0
3549,1,0,0
3550,0,0,0
3551,0,0,0
3552,0,0,0
3553,1,0,0
3554,0,1,0
3555,0,0,1
3556,0,0,0
3557,1,1,0
3558,1,1,0
3559,1,0,1
3560,0,1,0
3561,0,0,0
3562,0,2,0
3563,0,0,0
3564,0,2,0
3565,0,1,0
3566,0,0,0
3567,1,0,0
3568,0,0,0
3569,1,0,0
3570,0,1,0
3571,0,0,0
3572,2,1,0
3573,0,0,0
3574,1,0,0
3575,0,1,1
3576,0,0,0
3577,0,1,0
3578,0,0,0
3579,1,0,0
3580,1,0,0
3581,0,0,0
3582,0,0,0
3583,0,0,0
3584,0,0,0
3585,0,0,0
3586,0,1,0
3587,0,0,0
3588,1,0,0
3589,0,0,0
3590,0,0,0
3591,0,1,0
3592,0,0,0
3593,2,0,0
3594,0,0,0
3595,1,0,0
3596,0,0,0
3597,0,0,0
3598,0,0,0
3599,0,1,0
3600,0,0,0
3601,1,0,0
3602,1,0,0
3603,0,1,0
3604,0,0,0
3605,0,0,0
3606,1,0,0
3607,0,0,0
3608,0,0,0
3609,0,1,0
3610,0,1,0
3611,2,0,0
3612,0,0,0
3613,0,0,0
3614,0,0,0
3615,0,0,0
3616,0,1,0
3617,0,0,0
3618,0,0,0
3619,0,0,0
3620,1,0,0
3621,1,0,0
3622,0,0,0
3623,0,0,0
3624,1,0,0
3625,1,0,0
3626,0,0,0
3627,0,0,0
3628,0,0,0
3629,1,1,0
3630,0,0,0
3631,0,0,0
3632,1,0,0
3633,0,0,0
3634,0,0,0
3635,0,0,0
3636,0,1,0
3637,0,0,0
3638,0,0,0
3639,0,0,0
3640,2,0,0
3641,0,0,0
3642,0,1,0
3643,0,0,0
3644,0,0,0
3645,1,0,0
3646,1,0,0
3647,0,0,0
3648,0,1,0
3649,0,0,0
3650,0,0,0
3651,0,0,0
3652,0,0,0
3653,0,0,0
3654,0,0,0
3655,0,0,0
3656,0,1,0
3657,0,0,0
3658,0,0,0
3659,1,0,0
3660,0,0,0
3661,0,0,0
3662,0,0,0
3663,0,0,0
3664,0,2,0
3665,1,0,0
3666,0,0,0
3667,1,0,0
3668,0,0,0
3669,0,0,0
3670,0,0,0
3671,0,0,0
3672,0,0,0
3673,0,0,0
3674,0,0,0
3675,0,2,0
3676,0,1,0
3677,0,0,0
3678,0,1,0
3679,0,0,0
3680,0,0,0
3681,0,0,0
3682,0,0,0
3683,1,0,0
3684,0,0,0
3685,0,1,0
3686,0,0,0
3687,0,0,0
3688,0,0,0
3689,0,0,0
3690,0,0,0
3691,0,0,0
3692,0,0,0
3693,1,0,0
3694,0,0,0
3695,0,0,0
3696,0,0,0
3697,0,0,0
3698,0,0,0
3699,0,0,0
3700,0,0,0
3701,1,0,0
3702,0,0,0
3703,0,0,0
3704,0,0,0
3705,0,0,0
3706,0,0,0
3707,0,0,1
3708,0,0,0
3709,0,0,0
3710,0,1,0
3711,0,0,0
3712,0,0,0
3713,0,2,0
3714,0,1,0
3715,0,0,0
3716,0,0,0
3717,1,0,0
3718,0,0,0
3719,0,0,0
3720,0,0,0
3721,1,0,0
3722,0,0,0
3723,0,1,0
3724,1,1,0
3725,0,0,0
3726,0,0,0
3727,0,0,0
3728,1,0,0
3729,1,0,0
3730,1,0,0
3731,0,1,0
3732,0,0,1
3733,0,0,0
3734,0,0,0
3735,0,0,0
3736,0,1,0
3737,0,0,0
3738,0,0,0
3739,0,0,0
3740,1,0,0
3741,0,0,0
3742,1,0,0
3743,0,0,0
3744,0,0,0
3745,0,0,0
3746,0,0,0
3747,0,0,0
3748,0,0,0
3749,1,2,0
3750,0,0,0
3751,0,0,0
3752,0,0,0
3753,0,0,0
3754,0,0,0
3755,0,0,0
3756,1,1,0
3757,0,0,0
3758,0,0,0
3759,0,0,0
3760,0,0,0
3761,0,0,0
3762,1,0,0
3763,0,0,0
3764,0,0,0
3765,0,0,0
3766,0,0,0
3767,0,0,0
3768,0,0,0
3769,0,0,0
3770,0,0,0
3771,0,1,0
3772,0,0,0
3773,0,0,0
3774,0,0,0
3775,0,0,0
3776,0,0,0
3777,0,0,0
3778,1,0,0
3779,0,0,0
3780,0,0,0
3781,1,0,0
3782,0,0,0
3783,1,0,0
3784,0,0,0
3785,1,0,0
3786,0,1,0
3787,0,0,0
3788,0,0,0
3789,0,0,0
3790,0,0,0
3791,0,0,0
3792,0,0,0
3793,0,0,0
3794,0,0,0
3795,2,0,0
3796,1,0,0
3797,0,0,0
3798,0,0,0
3799,0,0,0
3800,0,0,0
3801,0,0,0
3802,0,0,0
3803,0,0,0
3804,0,0,0
3805,0,0,0
3806,0,0,0
3807,0,0,0
3808,0,0,0
3809,0,0,0
3810,0,0,0
3811,0,0,0
3812,0,0,0
3813,1,0,0
3814,0,0,0
3815,0,0,0
3816,0,0,0
3817,0,2,0
3818,0,0,0
3819,0,1,0
3820,1,0,0
3821,0,0,0
3822,0,0,0
3823,0,0,0
3824,0,0,0
3825,1,1,0
3826,0,0,0
3827,0,0,0
3828,0,0,0
3829,0,0,0
3830,0,0,0
3831,0,0,0
3832,1,0,0
3833,0,0,0
3834,1,0,0
3835,0,0,0
3836,0,0,0
3837,0,0,0
3838,0,0,0
3839,0,0,0
3840,0,0,0
3841,0,0,0
3842,0,0,0
3843,0,0,0
3844,0,0,0
3845,0,0,0
3846,0,0,0
3847,0,0,0
3848,0,0,0
3849,0,0,0
3850,0,0,0
3851,0,0,0
3852,0,0,0
3853,0,0,0
3854,0,1,0
3855,0,0,0
3856,0,0,0
3857,0,0,0
3858,1,0,0
3859,0,0,0
3860,0,0,0
3861,0,0,0
3862,0,0,0
3863,0,0,0
3864,0,0,0
3865,0,0,0
3866,0,0,0
3867,0,0,1
3868,0,0,0
3869,0,0,0
3870,0,0,0
3871,0,0,0
3872,0,0,0
3873,0,0,0
3874,0,0,0
3875,0,1,0
3876,0,0,0
3877,0,0,0
3878,1,0,0
3879,0,0,0
3880,3,0,0
3881,0,0,0
3882,0,0,0
3883,0,0,0
3884,0,0,0
3885,0,0,0
3886,0,0,0
3887,0,0,0
3888,1,0,0
3889,0,0,0
3890,0,0,0
3891,0,0,0
3892,0,0,0
3893,0,0,0
3894,0,0,0
3895,0,0,0
3896,0,0,0
3897,0,0,0
3898,0,0,0
3899,0,0,0
3900,2,0,0
3901,1,0,0
3902,1,0,0
3903,0,0,0
3904,0,0,0
3905,0,0,0
3906,0,0,0
3907,0,0,0
3908,0,0,0
3909,0,0,0
3910,0,0,0
3911,0,0,0
3912,0,1,0
3913,0,0,0
3914,0,0,0
3915,0,0,0
3916,0,0,0
3917,1,0,0
3918,0,0,0
3919,0,0,0
3920,0,0,0
3921,0,0,0
3922,0,0,0
3923,0,0,0
3924,1,0,0
3925,0,0,0
3926,0,1,0
3927,0,0,0
3928,0,0,0
3929,0,1,0
3930,0,0,0
3931,0,0,0
3932,1,0,0
3933,0,0,0
3934,0,0,0
3935,0,0,0
3936,0,0,0
3937,0,0,0
3938,0,0,0
3939,0,0,0
3940,0,0,0
3941,0,0,0
3942,0,0,0
3943,1,0,0
3944,2,0,0
3945,0,0,0
3946,0,0,0
3947,0,0,0
3948,0,0,0
3949,0,0,0
3950,0,0,0
3951,0,0,0
3952,0,0,0
3953,0,0,0
3954,0,0,0
3955,0,0,0
3956,0,0,0
3957,0,0,0
3958,0,0,0
3959,0,0,0
3960,0,0,0
3961,0,0,0
3962,0,0,0
3963,1,0,0
3964,0,0,0
3965,0,0,0
3966,0,0,0
3967,0,0,0
3968,0,0,0
3969,0,0,0
3970,0,0,0
3971,0,0,0
3972,0,0,0
3973,0,0,0
3974,0,0,0
3975,0,0,0
3976,0,0,0
3977,0,0,0
3978,0,0,0
3979,1,1,0
3980,0,0,0
3981,0,0,0
3982,0,0,0
3983,0,0,0
3984,0,0,0
3985,0,0,0
3986,0,0,0
3987,0,0,0
3988,0,0,0
3989,0,0,0
3990,0,0,0
3991,0,0,0
3992,0,0,0
3993,0,0,0
3994,0,0,0
3995,0,0,0
3996,0,0,0
3997,0,0,0
3998,0,0,0
3999,0,0,0
4000,0,0,0
4001,0,0,0
4002,0,0,0
4003,0,0,0
4004,0,0,0
4005,0,0,0
4006,0,0,0
4007,0,0,0
4008,0,0,0
4009,0,0,0
4010,0,0,0
4011,0,0,0
4012,0,0,0
4013,0,0,0
4014,0,0,0
4015,0,0,0
4016,0,0,0
4017,0,0,0
4018,1,0,0
4019,0,0,0
4020,0,0,0
4021,1,0,0
4022,0,0,0
4023,0,0,0
4024,1,0,0
4025,0,0,0
4026,0,0,0
4027,0,0,0
4028,0,0,0
4029,0,0,0
4030,0,0,0
4031,0,0,0
4032,0,0,0
4033,0,1,0
4034,1,0,0
4035,0,0,0
4036,0,0,0
4037,0,0,1
4038,0,0,0
4039,0,0,0
4040,0,0,0
4041,0,0,0
4042,0,0,0
4043,0,0,0
4044,0,0,0
4045,0,1,0
4046,0,0,0
4047,0,0,0
4048,0,0,0
4049,0,0,0
4050,0,0,0
4051,0,0,0
4052,0,0,0
4053,0,0,0
4054,0,0,0
4055,0,0,0
4056,1,0,0
4057,0,0,0
4058,0,0,0
4059,0,0,0
4060,0,0,0
4061,0,0,0
4062,1,0,0
4063,0,1,0
4064,0,0,0
4065,0,0,0
4066,0,0,0
4067,0,0,0
4068,0,0,0
4069,0,0,0
4070,0,0,0
4071,0,0,0
4072,0,1,0
4073,0,0,0
4074,0,1,0
4075,0,0,0
4076,0,0,0
4077,0,0,0
4078,0,0,0
4079,1,0,0
4080,0,0,0
4081,0,0,0
4082,0,0,0
4083,0,0,0
4084,0,0,0
4085,0,0,0
4086,0,0,0
4087,0,0,0
4088,0,0,0
4089,1,0,0
4090,0,0,0
4091,0,0,0
4092,0,0,0
4093,0,0,0
4094,0,0,0
4095,16,15,0
