2024-09-27 00:00:35,5,75,14.2,78,13.1,985.2,976.6,0.7,1.7,14,311.1,0
2024-09-27 00:05:35,5,75,14.2,78,13.1,985.3,976.7,1,1.4,2,311.1,0
2024-09-27 00:10:35,5,75,14.2,78,13.1,985.4,976.8,1.4,2.4,10,311.1,0
2024-09-27 00:15:35,5,75,14.2,78,13.1,985.3,976.7,1.4,2.4,10,311.1,0
2024-09-27 00:20:35,5,75,14.2,,,985.3,976.7,,,,311.1,64
2024-09-27 00:25:35,5,75,14.1,,,985.6,977,,,,311.1,64
2024-09-27 00:30:35,5,75,14.1,76,13,985.4,976.8,1.4,2,0,311.1,0
2024-09-27 00:35:35,5,75,14.1,76,13,985.5,976.9,0.7,1.4,10,311.1,0
2024-09-27 00:40:35,5,75,14.1,76,13,985.6,977,0.7,1.4,4,311.1,0
2024-09-27 00:45:35,5,75,14.1,76,13,985.9,977.3,0.7,1.4,14,311.1,0
2024-09-27 00:50:35,5,75,14.1,76,13,985.7,977.1,0.7,1.4,2,311.1,0
2024-09-27 00:55:35,5,75,14,76,13,986,977.4,1.4,2,4,311.1,0
2024-09-27 01:00:35,5,75,14,76,13,985.9,977.3,0.3,1,14,311.1,0
2024-09-27 01:05:35,5,75,14,76,13,985.6,977,0.3,0.7,2,311.1,0
2024-09-27 01:10:35,5,75,14,76,13,985.8,977.2,0.7,1.4,0,311.1,0
2024-09-27 01:15:35,5,75,14,76,12.9,985.9,977.3,1,1.4,0,311.1,0
2024-09-27 01:20:35,5,75,14,76,12.9,985.8,977.2,0.7,1.4,8,311.1,0
2024-09-27 01:25:35,5,75,14,77,12.9,985.9,977.3,0.3,1,2,311.1,0
2024-09-27 01:30:35,5,75,14,77,12.9,985.9,977.3,0.7,1.4,2,311.1,0
2024-09-27 01:35:35,5,75,14,78,12.8,985.7,977.1,1,1.7,2,311.1,0
2024-09-27 01:40:35,5,75,14,79,12.7,985.9,977.3,0.3,0.7,10,311.1,0
2024-09-27 01:45:35,5,75,14,80,12.6,985.8,977.2,1,1.7,12,311.1,0
2024-09-27 01:50:35,5,75,14,80,12.6,985.9,977.3,0.7,1.4,2,311.1,0
2024-09-27 01:55:35,5,76,13.9,80,12.6,985.8,977.2,1.4,3.1,0,311.1,0
2024-09-27 02:00:35,5,76,13.9,80,12.5,985.7,977.1,0.3,0.7,0,311.1,0
2024-09-27 02:05:35,5,76,13.9,81,12.5,985.8,977.2,1.4,1.7,14,311.1,0
2024-09-27 02:10:35,5,76,13.9,84,12.4,985.7,977.1,0.7,1.4,2,311.1,0
2024-09-27 02:15:35,5,76,13.9,84,12.4,985.9,977.3,0.7,1,8,311.1,0
2024-09-27 02:20:35,5,76,13.9,84,12.4,985.6,977,0.7,1,4,311.1,0
2024-09-27 02:25:35,5,76,13.9,84,12.3,985.8,977.2,0.7,1.7,2,311.1,0
2024-09-27 02:30:35,5,76,13.9,84,12.3,985.6,977,0.7,1.4,2,311.1,0
2024-09-27 02:35:36,5,76,13.9,85,12.3,985.6,977,0.7,1,2,311.1,0
2024-09-27 02:40:34,5,76,13.8,85,12.3,985.7,977.1,1.7,2.4,4,311.1,0
2024-09-27 02:45:34,5,76,13.8,85,12.4,985.7,977.1,0.7,1.4,1,311.1,0
2024-09-27 02:50:34,5,76,13.8,85,12.4,985.5,976.9,0.7,1,3,311.1,0
2024-09-27 02:55:34,5,76,13.8,85,12.4,985.9,977.3,1,1.7,3,311.1,0
2024-09-27 03:00:34,5,76,13.8,84,12.4,985.8,977.2,0.3,1,6,311.1,0
2024-09-27 03:05:34,5,76,13.7,84,12.4,985.8,977.2,1,1.4,4,311.1,0
2024-09-27 03:10:34,5,76,13.7,84,12.4,985.7,977.1,1.4,1.7,2,311.1,0
2024-09-27 03:15:34,5,76,13.7,84,12.4,986,977.4,1,1.4,8,311.1,0
2024-09-27 03:20:34,5,76,13.7,83,12.3,985.9,977.3,1.4,1.7,6,311.1,0
2024-09-27 03:25:34,5,76,13.7,83,12.1,986.3,977.7,1,1.7,0,311.1,0
2024-09-27 03:30:34,5,76,13.7,82,12,986.1,977.5,1,1.4,2,311.1,0
2024-09-27 03:35:34,5,76,13.7,82,11.9,986.2,977.6,0.7,1,2,311.1,0
2024-09-27 03:40:34,5,76,13.6,82,11.8,986.1,977.5,0.7,1,2,311.1,0
2024-09-27 03:45:34,5,76,13.6,82,11.8,986.3,977.7,0.7,1,2,311.1,0
2024-09-27 03:50:34,5,76,13.6,83,11.8,986.6,978,0.3,1.4,0,311.1,0
2024-09-27 03:55:34,5,76,13.6,83,11.7,986.5,977.9,0.3,0.7,2,311.1,0
2024-09-27 04:00:34,5,76,13.6,83,11.7,986.4,977.8,0.7,1,14,311.1,0
2024-09-27 04:05:35,5,76,13.6,83,11.7,986.6,978,0.3,0.7,4,311.1,0
2024-09-27 04:10:35,5,76,13.5,83,11.6,986.6,978,0.7,1,4,311.1,0
2024-09-27 04:15:35,5,76,13.5,83,11.6,986.8,978.2,0.3,0.7,4,311.1,0
2024-09-27 04:20:35,5,75,13.5,83,11.6,986.6,978,0.7,1.4,4,311.1,0
2024-09-27 04:25:35,5,75,13.5,83,11.5,986.6,978,0.7,1,4,311.1,0
2024-09-27 04:30:35,5,75,13.4,83,11.5,987,978.4,0.7,1,4,311.1,0
2024-09-27 04:35:35,5,75,13.4,83,11.5,986.7,978.1,1,1.7,6,311.1,0
2024-09-27 04:40:35,5,75,13.4,83,11.5,986.9,978.3,0.3,1,2,311.1,0
2024-09-27 04:45:35,5,75,13.4,83,11.5,986.7,978.1,1.4,2.4,4,311.1,0
2024-09-27 04:50:35,5,75,13.3,83,11.5,987,978.4,0.3,0.7,2,311.1,0
2024-09-27 04:55:35,5,75,13.3,82,11.5,987,978.4,1.7,2.4,10,311.1,0
2024-09-27 05:00:35,5,75,13.3,82,11.5,987.1,978.5,0.7,1,14,311.1,0
2024-09-27 05:05:35,5,75,13.3,82,11.5,987.1,978.5,0.7,1,14,311.1,0
2024-09-27 05:10:35,5,75,13.2,82,11.5,987.2,978.6,0.7,1,14,311.1,0
2024-09-27 05:15:35,5,75,13.2,,,987.2,978.6,,,,311.1,64
2024-09-27 05:20:35,5,75,13.2,,,987.5,978.9,,,,311.1,64
2024-09-27 05:25:35,5,75,13.2,,,987.3,978.7,,,,311.1,64
2024-09-27 05:30:35,5,75,13.2,,,987.5,978.9,,,,311.1,64
2024-09-27 05:35:35,5,75,13.2,,,987.6,979,,,,311.1,64
2024-09-27 05:40:35,5,75,13.2,,,987.6,979,,,,311.1,64
2024-09-27 05:45:35,5,75,13.1,,,987.7,979.1,,,,311.1,64
2024-09-27 05:50:35,5,75,13.1,,,987.8,979.2,,,,311.1,64
2024-09-27 05:55:35,5,75,13.1,81,11.4,988,979.4,0.7,1.4,0,311.1,0
2024-09-27 06:00:35,5,75,13.1,81,11.3,987.9,979.3,1,1.4,0,311.1,0
2024-09-27 06:05:35,5,75,13,82,11.1,988,979.4,1.4,2,2,311.1,0
2024-09-27 06:10:35,5,75,13,82,11,988.2,979.6,0.7,1,2,311.1,0
2024-09-27 06:15:35,5,75,13,83,10.9,988.2,979.6,1.4,1.7,10,311.1,0
2024-09-27 06:20:35,5,75,13,84,10.9,988,979.4,1,2,4,311.1,0
2024-09-27 06:25:35,5,75,13,84,10.8,988.4,979.8,1,1.4,0,311.4,0
2024-09-27 06:30:35,5,75,12.9,85,10.8,988.3,979.7,1,1.7,2,311.4,0
2024-09-27 06:35:35,5,75,12.9,85,10.7,988.5,979.9,1.4,1.7,4,311.4,0
2024-09-27 06:40:35,5,75,12.9,86,10.7,988.7,980.1,1,1.7,8,311.4,0
2024-09-27 06:45:35,5,75,12.9,86,10.7,988.5,979.9,1.4,2,4,311.4,0
2024-09-27 06:50:35,5,75,12.8,86,10.7,988.7,980.1,1.7,3.1,2,311.7,0
2024-09-27 06:55:35,5,75,12.8,87,10.6,988.9,980.3,1.7,2.7,14,312,0
2024-09-27 07:00:35,5,75,12.8,87,10.5,988.8,980.2,1.4,1.7,2,312.6,0
2024-09-27 07:05:35,5,75,12.8,88,10.5,989,980.4,1,2,0,313.2,0
2024-09-27 07:10:35,5,75,12.7,88,10.4,989,980.4,2,3.1,0,313.5,0
2024-09-27 07:15:35,5,75,12.7,89,10.3,989.3,980.7,1.4,1.7,2,313.8,0
2024-09-27 07:20:35,5,75,12.6,90,10.3,989.4,980.8,1.4,2.4,2,314.1,0
2024-09-27 07:25:35,5,75,12.6,90,10.2,989.4,980.8,2,2.4,2,314.4,0
2024-09-27 07:30:35,5,75,12.6,90,10.1,989.5,980.9,1.7,2.4,0,314.7,0
2024-09-27 07:35:35,5,75,12.6,91,10,989.8,981.2,1.7,2.4,6,315,0
2024-09-27 07:40:35,5,75,12.5,91,10,989.9,981.3,1.7,2.4,0,315.3,0
2024-09-27 07:45:35,5,75,12.5,91,9.9,990.1,981.5,2.4,2.7,0,315.6,0
2024-09-27 07:50:35,5,75,12.4,91,9.9,990.2,981.6,1.7,2.4,6,315.9,0
2024-09-27 07:55:35,5,75,12.4,91,9.9,990.1,981.5,1,1.7,0,316.2,0
2024-09-27 08:00:35,5,75,12.4,92,9.8,990.4,981.8,1.4,2.4,2,316.5,0
2024-09-27 08:05:35,5,75,12.3,92,9.8,990.6,982,2,3.1,2,316.5,0
2024-09-27 08:10:35,5,75,12.3,92,9.7,990.7,982.1,2.4,3.4,8,316.8,0
2024-09-27 08:15:35,5,75,12.2,92,9.6,991.1,982.5,2,2.4,8,317.1,0
2024-09-27 08:20:35,5,75,12.2,92,9.6,991,982.4,1.7,3.4,2,317.1,0
2024-09-27 08:25:35,5,75,12.1,92,9.6,991.3,982.7,2,2.7,0,317.4,0
2024-09-27 08:30:35,5,75,12.1,92,9.6,991.4,982.8,1.7,3.1,2,317.4,0
2024-09-27 08:35:35,5,76,12.1,92,9.6,991.8,983.2,1.4,2,2,317.4,0
2024-09-27 08:40:35,5,76,12.1,93,9.6,991.7,983.1,0.7,1.4,0,317.4,0
2024-09-27 08:45:35,5,76,12,93,9.7,992.1,983.5,1,1.4,4,317.4,0
2024-09-27 08:50:35,5,76,12,93,9.8,992.1,983.5,1.7,3.4,14,317.7,0
2024-09-27 08:55:35,5,76,12,93,9.8,992.4,983.8,1.7,2,14,317.7,0
2024-09-27 09:00:35,5,76,12,93,9.9,992.4,983.8,2,2.7,0,317.7,0
2024-09-27 09:05:35,5,76,12,94,10,992.5,983.9,1.7,2,2,317.7,0
2024-09-27 09:10:35,5,76,12,94,10.1,992.6,984,1,1.7,0,317.7,0
2024-09-27 09:15:35,5,77,12,94,10.2,992.9,984.3,2,3.1,12,317.7,0
2024-09-27 09:20:35,5,77,12,94,10.3,992.9,984.3,2,2.7,3,317.7,0
2024-09-27 09:25:35,5,77,12,94,10.4,993.1,984.5,2,3.1,2,317.7,0
2024-09-27 09:30:35,5,77,12,94,10.4,993.3,984.7,2,2.4,14,317.7,0
2024-09-27 09:35:35,5,77,12,94,10.5,993.4,984.8,2,2.7,2,317.7,0
2024-09-27 09:40:35,5,78,12,94,10.6,993.5,984.9,3.4,4.8,0,317.7,0
2024-09-27 09:45:35,5,78,12.1,94,10.8,993.6,985,1.4,3.1,2,317.7,0
2024-09-27 09:50:35,5,78,12.1,93,11,993.9,985.3,2,3.1,2,317.7,0
2024-09-27 09:55:35,5,78,12.1,93,11.1,994.1,985.5,1.7,2,6,317.7,0
2024-09-27 10:00:35,5,78,12.1,92,11.2,994.1,985.5,1.4,2.7,14,317.7,0
2024-09-27 10:05:35,5,78,12.1,91,11.3,994.2,985.6,1.7,2.7,0,317.7,0
2024-09-27 10:10:35,5,78,12.2,90,11.4,994.4,985.8,2,3.1,3,317.7,0
2024-09-27 10:15:35,5,78,12.2,89,11.4,994.5,985.9,1,1.7,2,317.7,0
2024-09-27 10:20:35,5,78,12.3,88,11.4,994.8,986.2,2.4,3.7,4,317.7,0
2024-09-27 10:25:35,5,78,12.3,87,11.5,994.6,986,2.4,3.4,0,317.7,0
2024-09-27 10:30:35,5,78,12.4,87,11.5,994.9,986.3,1.7,2,2,317.7,0
2024-09-27 10:35:35,5,79,12.4,87,11.5,995,986.4,1.4,1.7,0,317.7,0
2024-09-27 10:40:35,5,79,12.4,86,11.6,995.3,986.7,1.7,2.7,0,317.7,0
2024-09-27 10:45:35,5,79,12.5,86,11.6,995.4,986.8,1.7,2,6,317.7,0
2024-09-27 10:50:35,5,79,12.5,86,11.6,995.5,986.9,1.7,2,6,317.7,0
2024-09-27 10:55:35,5,79,12.6,85,11.6,995.5,986.9,1.7,2,2,317.7,0
2024-09-27 11:00:35,5,78,12.6,85,11.6,995.6,987,1.4,2,0,317.7,0
2024-09-27 11:05:35,5,78,12.6,84,11.8,995.8,987.2,2,3.1,15,317.7,0
2024-09-27 11:10:35,5,78,12.6,83,11.9,995.9,987.3,2.4,4.1,0,317.7,0
2024-09-27 11:15:35,5,78,12.6,83,12.1,996.1,987.5,1.7,2,6,317.7,0
2024-09-27 11:20:35,5,78,12.6,82,12.3,996.1,987.5,1.4,1.7,0,317.7,0
2024-09-27 11:25:35,5,79,12.7,80,12.5,996.4,987.8,1.7,2.4,0,317.7,0
2024-09-27 11:30:35,5,79,12.7,80,12.5,996.7,988.1,1.7,2.4,0,317.7,0
2024-09-27 11:35:35,5,79,12.8,,,996.6,988,,,,317.7,64
2024-09-27 11:40:35,5,79,12.9,75,12.9,996.8,988.2,2,3.4,0,317.7,0
2024-09-27 11:45:35,5,79,12.9,75,13.1,997,988.4,1.7,2.4,10,317.7,0
2024-09-27 11:50:35,5,79,13,74,13.2,997.2,988.6,2.4,3.4,14,317.7,0
2024-09-27 11:55:35,5,79,13,72,13.2,997.3,988.7,1.4,2,2,317.7,0
2024-09-27 12:00:35,5,78,13.1,72,13.2,997.5,988.9,1.7,2.7,0,317.7,0
2024-09-27 12:05:35,5,78,13.2,72,13.1,997.7,989.1,1.7,2.4,0,317.7,0
2024-09-27 12:10:35,5,78,13.2,73,13.1,997.9,989.3,1.4,2,14,317.7,0
2024-09-27 12:15:35,5,78,13.2,74,12.8,998.1,989.5,2,3.1,14,317.7,0
2024-09-27 12:20:35,5,78,13.2,75,12.6,998,989.4,2.4,4.1,4,317.7,0
2024-09-27 12:25:35,5,78,13.2,77,12.5,998.2,989.6,2.4,3.1,2,317.7,0
2024-09-27 12:30:35,5,78,13.3,77,12.6,998.2,989.6,3.1,4.1,2,317.7,0
2024-09-27 12:35:35,5,78,13.3,75,12.6,998.4,989.8,2,3.4,0,317.7,0
2024-09-27 12:40:35,5,78,13.3,74,12.7,998.6,990,1.7,2.7,2,317.7,0
2024-09-27 12:45:35,5,77,13.3,74,12.7,998.6,990,1.7,2.4,13,317.7,0
2024-09-27 12:50:35,5,77,13.3,75,12.6,999,990.4,2.7,4.1,14,317.7,0
2024-09-27 12:55:35,5,77,13.3,76,12.5,998.8,990.2,1.4,2,2,317.7,0
2024-09-27 13:00:35,5,77,13.3,76,12.5,999,990.4,1.4,2,2,317.7,0
2024-09-27 13:05:35,5,77,13.3,82,12.4,999.2,990.6,1.4,2,0,317.7,0
2024-09-27 13:10:35,5,77,13.3,80,12.5,999.2,990.6,1.4,2,2,317.7,0
2024-09-27 13:15:35,5,78,13.3,80,12.6,999.4,990.8,1,1.7,0,317.7,0
2024-09-27 13:20:35,5,78,13.4,80,12.9,999.6,991,1.4,2,9,317.7,0
2024-09-27 13:25:35,5,78,13.4,79,13.1,999.5,990.9,1.4,2.4,2,317.7,0
2024-09-27 13:30:35,5,78,13.4,79,13.1,999.7,991.1,1.4,2.4,2,317.7,0
2024-09-27 13:35:35,5,78,13.5,74,13.1,999.9,991.3,2,3.4,2,317.7,0
2024-09-27 13:40:35,5,78,13.5,74,13.1,1000,991.4,2,3.4,2,317.7,0
2024-09-27 13:45:35,5,78,13.5,,,1000.1,991.5,,,,317.7,64
2024-09-27 13:50:35,5,77,13.5,,,1000.4,991.8,,,,317.7,64
2024-09-27 13:55:35,5,77,13.5,73,13,1000.5,991.9,2.4,4.1,12,317.7,0
2024-09-27 14:00:35,5,77,13.5,72,13.4,1000.5,991.9,1.7,3.4,12,317.7,0
2024-09-27 14:05:35,5,76,13.6,70,13.4,1000.8,992.2,2,3.1,14,317.7,0
2024-09-27 14:10:35,5,76,13.6,70,13.3,1000.8,992.2,2.7,4.1,0,317.7,0
2024-09-27 14:15:35,5,76,13.6,69,13.3,1000.9,992.3,3.1,4.1,4,317.7,0
2024-09-27 14:20:35,5,75,13.6,67,13.4,1001.1,992.5,2.7,4.1,0,317.7,0
2024-09-27 14:25:35,5,75,13.6,67,13.4,1001.2,992.6,2.7,4.1,0,317.7,0
2024-09-27 14:30:35,5,75,13.6,,,1001.4,992.8,,,,317.7,64
2024-09-27 14:35:35,5,74,13.6,,,1001.4,992.8,,,,317.7,64
2024-09-27 14:40:35,5,74,13.6,,,1001.5,992.9,,,,317.7,64
2024-09-27 14:45:35,5,73,13.6,,,1001.6,993,,,,317.7,64
2024-09-27 14:50:35,5,73,13.6,,,1001.8,993.2,,,,317.7,64
2024-09-27 14:55:35,5,73,13.6,62,13.8,1002,993.4,3.4,4.4,0,317.7,0
2024-09-27 15:00:35,5,72,13.6,61,13.8,1002.2,993.6,2,3.1,0,317.7,0
2024-09-27 15:05:35,5,72,13.6,60,13.6,1002.3,993.7,2.4,3.1,2,317.7,0
2024-09-27 15:10:35,5,72,13.6,61,13.7,1002.5,993.9,2,3.1,2,317.7,0
2024-09-27 15:15:35,5,72,13.6,61,13.6,1002.4,993.8,3.1,4.1,14,317.7,0
2024-09-27 15:20:35,5,71,13.5,60,13.6,1002.6,994,2,3.1,2,317.7,0
2024-09-27 15:25:35,5,71,13.5,59,13.5,1002.7,994.1,3.1,4.8,1,317.7,0
2024-09-27 15:30:35,5,70,13.5,59,13.4,1003,994.4,2,3.4,0,317.7,0
2024-09-27 15:35:35,5,69,13.5,60,13.4,1003,994.4,1.4,2,1,317.7,0
2024-09-27 15:40:35,5,69,13.5,60,13.5,1003.3,994.7,1.7,2.4,14,317.7,0
2024-09-27 15:45:35,5,69,13.5,60,13.7,1003.3,994.7,1.7,2.4,10,317.7,0
2024-09-27 15:50:35,5,70,13.6,60,13.9,1003.4,994.8,2,2.7,0,317.7,0
2024-09-27 15:55:35,5,70,13.6,59,14,1003.4,994.8,2.4,3.4,1,317.7,0
2024-09-27 16:00:35,5,70,13.6,55,14,1003.4,994.8,3.1,4.4,13,317.7,0
2024-09-27 16:05:35,5,69,13.7,57,13.9,1003.7,995.1,0.7,1.4,2,317.7,0
2024-09-27 16:10:35,5,69,13.7,56,13.8,1003.9,995.3,2.4,2.7,4,317.7,0
2024-09-27 16:15:35,5,68,13.7,56,13.6,1004,995.4,1.4,2,6,317.7,0
2024-09-27 16:20:35,5,68,13.7,56,13.4,1004.2,995.6,1.4,2,0,317.7,0
2024-09-27 16:25:35,5,67,13.7,56,13.4,1004.2,995.6,1,1.4,2,317.7,0
2024-09-27 16:30:35,5,67,13.7,56,13.3,1004.4,995.8,0.7,1,0,317.7,0
2024-09-27 16:35:35,5,67,13.7,57,13.2,1004.6,996,1,1.4,4,317.7,0
2024-09-27 16:40:35,5,67,13.7,58,13.1,1004.7,996.1,1.4,1.7,14,317.7,0
2024-09-27 16:45:35,5,66,13.7,57,13.1,1004.9,996.3,1.4,2.4,2,317.7,0
2024-09-27 16:50:35,5,66,13.6,57,13,1004.9,996.3,1,1.7,14,317.7,0
2024-09-27 16:55:35,5,66,13.6,56,12.9,1005,996.4,0.7,1.4,2,317.7,0
2024-09-27 17:00:35,5,66,13.5,55,12.8,1005.1,996.5,1.4,2,0,317.7,0
2024-09-27 17:05:35,5,66,13.5,56,12.7,1005.4,996.8,0.7,1.7,14,317.7,0
2024-09-27 17:10:35,5,66,13.5,57,12.6,1005.5,996.9,1,1.4,0,317.7,0
2024-09-27 17:15:35,5,66,13.4,61,12.4,1005.7,997.1,1,1.4,2,317.7,0
2024-09-27 17:20:35,5,66,13.4,61,12.3,1006,997.4,0.7,0.7,4,317.7,0
2024-09-27 17:25:35,5,66,13.3,62,12.2,1006,997.4,0.7,1,2,317.7,0
2024-09-27 17:30:35,5,66,13.3,62,12,1006.2,997.6,0.7,1,2,317.7,0
2024-09-27 17:35:35,5,66,13.2,62,12,1006.2,997.6,0.3,0.7,14,317.7,0
2024-09-27 17:40:35,5,66,13.2,62,11.9,1006.4,997.8,0.7,1,4,317.7,0
2024-09-27 17:45:35,5,66,13.1,62,11.8,1006.6,998,0.7,1.4,2,317.7,0
2024-09-27 17:50:35,5,66,13.1,62,11.7,1006.6,998,0.7,1,0,317.7,0
2024-09-27 17:55:35,5,67,13,63,11.6,1006.9,998.3,0.3,1,2,317.7,0
2024-09-27 18:00:35,5,67,13,63,11.5,1007.1,998.5,0.7,1.4,2,317.7,0
2024-09-27 18:05:35,5,68,12.9,63,11.5,1007.1,998.5,0.7,1,0,317.7,0
2024-09-27 18:10:35,5,68,12.9,64,11.4,1007.2,998.6,0.3,0.7,0,317.7,0
2024-09-27 18:15:35,5,68,12.8,64,11.3,1007.6,999,0.3,0.7,2,317.7,0
2024-09-27 18:20:35,5,68,12.7,65,11.1,1007.2,998.6,0.7,1,0,317.7,0
2024-09-27 18:25:35,5,68,12.7,65,11,1007.6,999,0.7,1,0,317.7,0
2024-09-27 18:30:35,5,68,12.6,65,10.9,1007.7,999.1,0.3,0.7,2,317.7,0
2024-09-27 18:35:35,5,68,12.6,65,10.8,1007.6,999,0.3,0.7,0,317.7,0
2024-09-27 18:40:35,5,69,12.6,65,10.6,1008,999.4,0,0.3,2,317.7,0
2024-09-27 18:45:35,5,69,12.5,66,10.5,1008,999.4,0,0,2,317.7,0
2024-09-27 18:50:35,5,69,12.5,67,10.3,1008.2,999.6,0,0,4,317.7,0
2024-09-27 18:55:35,5,69,12.4,68,10.1,1008.5,999.9,0,0,2,317.7,0
2024-09-27 19:00:35,5,69,12.4,69,10,1008.5,999.9,0,0.3,6,317.7,0
2024-09-27 19:05:35,5,69,12.3,70,9.8,1008.6,1000,0.3,0.3,0,317.7,0
2024-09-27 19:10:35,5,69,12.3,70,9.7,1008.7,1000.1,0,0.3,8,317.7,0
2024-09-27 19:15:35,5,69,12.2,70,9.6,1008.8,1000.2,0.3,0.7,14,317.7,0
2024-09-27 19:20:35,5,69,12.1,70,9.6,1008.8,1000.2,0,0.3,1,317.7,0
2024-09-27 19:25:35,5,69,12.1,70,9.6,1008.9,1000.3,0.3,0.3,2,317.7,0
2024-09-27 19:30:35,5,69,12.1,70,9.5,1009.2,1000.6,0,0,4,317.7,0
2024-09-27 19:35:35,5,69,12,70,9.3,1009.1,1000.5,0,0,4,317.7,0
2024-09-27 19:40:35,5,69,12,71,9.3,1009.3,1000.7,0.3,0.3,4,317.7,0
2024-09-27 19:45:35,5,70,11.9,71,9.2,1009.3,1000.7,0,0,4,317.7,0
2024-09-27 19:50:35,5,71,11.9,71,9.1,1009.4,1000.8,0,0.3,2,317.7,0
2024-09-27 19:55:35,5,71,11.8,71,9.1,1009.5,1000.9,0.3,0.7,2,317.7,0
2024-09-27 20:00:35,5,71,11.8,71,9.1,1009.5,1000.9,0.3,0.7,14,317.7,0
2024-09-27 20:05:35,5,71,11.7,71,9.1,1010,1001.4,0,0.3,0,317.7,0
2024-09-27 20:10:35,5,71,11.7,71,9.2,1009.9,1001.3,0.3,0.7,2,317.7,0
2024-09-27 20:15:35,5,71,11.6,71,9.1,1010,1001.4,0,0.3,2,317.7,0
2024-09-27 20:20:35,5,71,11.6,70,9.1,1010.2,1001.6,0.3,0.7,14,317.7,0
2024-09-27 20:25:35,5,70,11.6,70,9.2,1010.3,1001.7,0,0,2,317.7,0
2024-09-27 20:30:35,5,71,11.5,70,9.2,1010.4,1001.8,0.3,0.7,4,317.7,0
2024-09-27 20:35:35,5,71,11.5,70,9.1,1010.4,1001.8,0,0.3,4,317.7,0
2024-09-27 20:40:35,5,71,11.4,70,9.1,1010.5,1001.9,0.3,0.7,4,317.7,0
2024-09-27 20:45:35,5,71,11.4,70,9.1,1010.5,1001.9,0.3,0.7,2,317.7,0
2024-09-27 20:50:35,5,71,11.4,70,9.1,1010.6,1002,0.7,1,2,317.7,0
2024-09-27 20:55:35,5,70,11.3,70,9.1,1010.7,1002.1,0.3,0.7,4,317.7,0
2024-09-27 21:00:35,5,70,11.3,70,9,1011,1002.4,0,0,4,317.7,0
2024-09-27 21:05:35,5,71,11.3,70,8.8,1010.8,1002.2,0,0,4,317.7,0
2024-09-27 21:10:35,5,71,11.2,71,8.7,1011.1,1002.5,0,0,4,317.7,0
2024-09-27 21:15:35,5,71,11.2,71,8.5,1011,1002.4,0,0,2,317.7,0
2024-09-27 21:20:35,5,71,11.1,71,8.4,1011.1,1002.5,0,0,2,317.7,0
2024-09-27 21:25:35,5,71,11.1,71,8.3,1011.2,1002.6,0,0,2,317.7,0
2024-09-27 21:30:35,5,71,11.1,72,8.2,1011.2,1002.6,0,0.3,3,317.7,0
2024-09-27 21:35:35,5,71,11.1,72,8.1,1011.3,1002.7,0,0,2,317.7,0
2024-09-27 21:40:35,5,71,11,72,8,1011.2,1002.6,0,0,4,317.7,0
2024-09-27 21:45:35,5,71,11,72,7.9,1011.5,1002.9,0,0.7,2,317.7,0
2024-09-27 21:50:35,5,71,11,73,7.9,1011.5,1002.9,0.3,0.3,2,317.7,0
2024-09-27 21:55:35,5,72,10.9,73,7.9,1011.5,1002.9,0.3,0.7,4,317.7,0
2024-09-27 22:00:35,5,72,10.9,73,7.9,1011.6,1003,0,0.3,4,317.7,0
2024-09-27 22:05:35,5,72,10.8,73,7.9,1011.7,1003.1,0,0,4,317.7,0
2024-09-27 22:10:35,5,72,10.8,73,7.9,1011.5,1002.9,0.3,0.7,2,317.7,0
2024-09-27 22:15:35,5,72,10.8,73,7.9,1011.9,1003.3,0,0,0,317.7,0
2024-09-27 22:20:35,5,72,10.7,73,7.9,1011.9,1003.3,0,0,2,317.7,0
2024-09-27 22:25:35,5,72,10.7,73,7.9,1011.8,1003.2,0,0,4,317.7,0
2024-09-27 22:30:35,5,72,10.7,73,7.8,1012,1003.4,0.7,1.4,3,317.7,0
2024-09-27 22:35:35,5,72,10.6,73,7.9,1012.2,1003.6,0.7,1,12,317.7,0
2024-09-27 22:40:35,5,72,10.6,73,8,1012.1,1003.5,0.3,0.7,2,317.7,0
2024-09-27 22:45:35,5,72,10.5,73,7.9,1012.3,1003.7,0,0,6,317.7,0
2024-09-27 22:50:35,5,72,10.5,73,7.9,1012.2,1003.6,0,0.3,4,317.7,0
2024-09-27 22:55:35,5,72,10.5,73,7.9,1012.2,1003.6,0,0.3,2,317.7,0
2024-09-27 23:00:35,5,72,10.5,73,7.8,1012.5,1003.9,0.3,0.7,2,317.7,0
2024-09-27 23:05:35,5,72,10.5,73,7.8,1012.6,1004,0,0.3,10,317.7,0
2024-09-27 23:10:35,5,72,10.4,73,7.7,1012.6,1004,0,0.3,4,317.7,0
2024-09-27 23:15:35,5,72,10.4,73,7.7,1012.6,1004,0.3,0.7,2,317.7,0
2024-09-27 23:20:35,5,72,10.3,73,7.7,1012.6,1004,0.3,0.7,4,317.7,0
2024-09-27 23:25:35,5,72,10.3,73,7.7,1012.7,1004.1,0.7,1,2,317.7,0
2024-09-27 23:30:35,5,71,10.3,73,7.7,1012.8,1004.2,0.3,0.7,4,317.7,0
2024-09-27 23:35:35,5,71,10.3,73,7.7,1012.9,1004.3,0.7,1,4,317.7,0
2024-09-27 23:40:35,5,71,10.3,73,7.7,1013,1004.4,0.7,1,4,317.7,0
2024-09-27 23:45:35,5,71,10.2,72,7.8,1013,1004.4,0.3,0.3,4,317.7,0
2024-09-27 23:50:35,5,71,10.2,72,7.8,1013.3,1004.7,0.7,1.4,4,317.7,0
2024-09-27 23:55:35,5,71,10.2,72,7.8,1013.3,1004.7,0.3,0.7,2,317.7,0
