2025-01-05 00:00:00,1236,1107,137,21.4,1000.2,923.658
2025-01-05 00:10:00,1234,1137,162,21.3,999.7,918.066
2025-01-05 00:20:00,1260,1142,155,21.1,999.3,923.318
2025-01-05 00:30:00,1297,1051,144,21.1,999.2,915.213
2025-01-05 00:40:00,1292,1164,160,21.0,998.6,917.945
2025-01-05 00:50:00,1263,1155,144,20.9,998.2,920.452
2025-01-05 01:00:00,1240,1148,144,20.9,998.0,923.612
2025-01-05 01:10:00,1185,1093,129,20.8,997.8,923.217
2025-01-05 01:20:00,1194,1084,130,20.8,997.5,913.099
2025-01-05 01:30:00,1236,1084,144,20.7,997.5,915.940
2025-01-05 01:40:00,1234,1171,147,20.6,997.1,925.701
2025-01-05 01:50:00,1234,1100,136,20.5,996.9,914.675
2025-01-05 02:00:00,1223,1133,160,20.4,996.5,910.575
2025-01-05 02:10:00,1269,1111,163,20.4,996.2,924.857
2025-01-05 02:20:00,1217,1105,144,20.3,996.0,931.423
2025-01-05 02:30:00,1314,1098,173,20.2,995.5,923.232
2025-01-05 02:40:00,1190,1178,137,20.1,995.0,924.154
2025-01-05 02:50:00,1271,1171,159,20.1,994.6,908.845
2025-01-05 03:00:00,1226,1132,137,19.9,994.1,920.621
2025-01-05 03:10:00,1241,1114,167,19.9,993.8,930.167
2025-01-05 03:20:00,1196,1116,154,19.8,993.6,915.912
2025-01-05 03:30:00,1281,1152,135,19.8,993.4,920.128
2025-01-05 03:40:00,1250,1104,149,19.6,993.2,917.959
2025-01-05 03:50:00,1239,1096,137,19.6,993.0,922.641
2025-01-05 04:00:00,1273,1063,132,19.5,992.8,922.455
2025-01-05 04:10:00,1253,1119,144,19.4,992.5,921.555
2025-01-05 04:20:00,1284,1097,129,19.4,992.2,935.428
2025-01-05 04:30:00,1207,1166,133,19.4,992.0,920.025
2025-01-05 04:40:00,1217,1153,142,19.3,991.9,921.371
2025-01-05 04:50:00,1261,1094,139,19.2,991.8,915.735
2025-01-05 05:00:00,1269,1081,153,19.2,991.5,935.174
2025-01-05 05:10:00,1227,1157,154,19.1,991.2,927.903
2025-01-05 05:20:00,1250,1144,145,19.1,991.0,927.314
2025-01-05 05:30:00,1226,1124,120,19.0,990.8,919.754
2025-01-05 05:40:00,1255,1103,137,18.9,990.5,913.056
2025-01-05 05:50:00,1134,1115,133,18.9,990.3,916.217
2025-01-05 06:00:00,1196,1115,140,18.8,990.1,932.219
2025-01-05 06:10:00,1217,1064,146,18.8,989.8,910.295
2025-01-05 06:20:00,1257,1162,145,18.7,989.8,923.264
2025-01-05 06:30:00,1193,1116,139,18.6,989.5,935.824
2025-01-05 06:40:00,1203,1115,139,18.5,989.2,924.134
2025-01-05 06:50:00,1223,1127,130,18.5,989.0,920.971
2025-01-05 07:00:00,1238,1168,157,18.4,988.8,921.972
2025-01-05 07:10:00,1249,1171,135,18.4,988.7,934.253
2025-01-05 07:20:00,1218,1139,153,18.5,988.5,926.905
2025-01-05 07:30:00,1237,1114,155,18.6,988.3,918.143
2025-01-05 07:40:00,1196,1106,139,18.9,988.1,913.295
2025-01-05 07:50:00,1210,1066,148,19.3,988.0,929.292
2025-01-05 08:00:00,1287,1103,141,19.7,987.8,932.401
2025-01-05 08:10:00,1257,1158,132,20.1,987.7,927.629
2025-01-05 08:20:00,1265,1106,139,20.3,987.6,927.324
2025-01-05 08:30:00,1235,1128,136,20.6,987.5,933.398
2025-01-05 08:40:00,1268,1123,149,20.9,987.3,927.146
2025-01-05 08:50:00,1175,1128,143,21.1,987.2,936.781
2025-01-05 09:00:00,1214,1159,144,21.2,987.0,925.771
2025-01-05 09:10:00,1244,1105,127,21.3,987.0,934.303
2025-01-05 09:20:00,1249,1198,142,21.4,987.0,926.948
2025-01-05 09:30:00,1282,1120,129,21.4,986.9,931.209
2025-01-05 09:40:00,1241,1174,146,21.6,986.8,939.992
2025-01-05 09:50:00,1251,1071,134,21.6,986.7,924.140
2025-01-05 10:00:00,1193,1111,123,21.7,986.7,932.851
2025-01-05 10:10:00,1255,1150,141,21.7,986.5,927.122
2025-01-05 10:20:00,1242,1145,161,21.7,986.5,918.186
2025-01-05 10:30:00,1289,1149,178,21.7,986.4,925.609
2025-01-05 10:40:00,1235,1063,136,21.6,986.3,927.396
2025-01-05 10:50:00,1240,1112,134,21.6,986.2,931.389
2025-01-05 11:00:00,1247,1099,160,21.5,986.0,926.010
2025-01-05 11:10:00,1207,1164,154,21.6,986.0,922.761
2025-01-05 11:20:00,1240,1207,155,21.7,985.9,928.470
2025-01-05 11:30:00,1228,1072,130,21.8,985.9,938.162
2025-01-05 11:40:00,1249,1157,144,21.9,985.8,935.277
2025-01-05 11:50:00,1229,1114,141,21.9,985.8,930.929
2025-01-05 12:00:00,1175,1154,135,22.0,985.7,935.017
2025-01-05 12:10:00,1276,1194,152,21.9,985.5,926.500
2025-01-05 12:20:00,1186,1147,165,21.8,985.2,930.285
2025-01-05 12:30:00,1219,1035,158,21.7,985.1,927.758
2025-01-05 12:40:00,1197,1122,158,21.6,985.0,937.213
2025-01-05 12:50:00,1244,1087,138,21.7,985.0,942.692
2025-01-05 13:00:00,1261,1157,144,21.8,984.8,936.870
2025-01-05 13:10:00,1231,1069,149,21.9,984.8,930.687
2025-01-05 13:20:00,1281,1117,146,22.1,984.8,920.285
2025-01-05 13:30:00,1212,1088,144,22.4,984.6,932.487
2025-01-05 13:40:00,1196,1146,132,22.6,984.5,934.642
2025-01-05 13:50:00,1296,1138,159,22.8,984.5,932.014
2025-01-05 14:00:00,1247,1137,174,22.9,984.4,924.589
2025-01-05 14:10:00,1244,1131,149,22.9,984.3,945.031
2025-01-05 14:20:00,1175,1116,117,23.0,984.2,923.310
2025-01-05 14:30:00,1283,1173,151,23.0,984.2,929.479
2025-01-05 14:40:00,1249,1123,148,23.0,984.2,934.374
2025-01-05 14:50:00,1239,1121,178,23.0,984.2,925.228
2025-01-05 15:00:00,1217,1139,146,23.1,984.2,929.046
2025-01-05 15:10:00,1153,1086,125,23.1,984.2,941.970
2025-01-05 15:20:00,1211,1074,143,23.1,984.0,937.597
2025-01-05 15:30:00,1267,1135,151,23.0,983.9,930.844
2025-01-05 15:40:00,1246,1217,174,23.0,983.8,937.279
2025-01-05 15:50:00,1232,1132,145,23.0,983.8,931.768
2025-01-05 16:00:00,1198,1134,146,23.0,983.7,927.757
2025-01-05 16:10:00,1270,1160,132,23.0,983.7,922.408
2025-01-05 16:20:00,1300,1161,169,23.1,983.6,933.807
2025-01-05 16:30:00,1283,1130,133,23.1,983.5,933.049
2025-01-05 16:40:00,1203,1107,164,23.2,983.5,926.831
2025-01-05 16:50:00,1218,1139,164,23.2,983.5,928.160
2025-01-05 17:00:00,1230,1148,164,23.2,983.4,923.769
2025-01-05 17:10:00,1223,1121,138,23.1,983.3,928.345
2025-01-05 17:20:00,1277,1138,163,23.1,983.2,934.076
2025-01-05 17:30:00,1255,1119,148,23.1,983.2,924.058
2025-01-05 17:40:00,1199,1120,141,23.1,983.0,924.217
2025-01-05 17:50:00,1250,1096,135,23.1,982.8,928.871
2025-01-05 18:00:00,1249,1129,136,23.1,982.7,932.758
2025-01-05 18:10:00,1237,1150,184,23.1,982.7,931.813
2025-01-05 18:20:00,1308,1130,164,23.1,982.6,923.478
2025-01-05 18:30:00,1257,1159,168,23.2,982.5,920.872
2025-01-05 18:40:00,1210,1097,117,23.2,982.5,926.399
2025-01-05 18:50:00,1254,1085,135,23.2,982.5,934.366
2025-01-05 19:00:00,1279,1156,139,23.2,982.3,924.865
2025-01-05 19:10:00,1230,1130,168,23.3,982.2,926.754
2025-01-05 19:20:00,1276,1133,148,23.3,982.2,927.985
2025-01-05 19:30:00,1240,1092,135,23.2,981.8,916.816
2025-01-05 19:40:00,1246,1168,146,23.2,981.7,918.417
2025-01-05 19:50:00,1287,1055,139,23.2,981.5,930.445
2025-01-05 20:00:00,1230,1093,121,23.2,981.4,924.843
2025-01-05 20:10:00,1222,1222,153,23.4,981.2,919.573
2025-01-05 20:20:00,1255,1164,142,23.4,981.0,921.658
2025-01-05 20:30:00,1210,1160,146,23.3,980.9,926.937
2025-01-05 20:40:00,1251,1161,159,23.3,980.8,933.757
2025-01-05 20:50:00,1261,1120,144,23.4,980.6,932.839
2025-01-05 21:00:00,1206,1106,133,23.4,980.6,915.961
2025-01-05 21:10:00,1245,1142,160,23.4,980.4,926.053
2025-01-05 21:20:00,1271,1202,160,23.4,980.3,930.257
2025-01-05 21:30:00,1238,1145,160,23.3,980.0,923.306
2025-01-05 21:40:00,1202,1147,140,23.3,980.0,925.100
2025-01-05 21:50:00,1212,1127,134,23.3,979.8,920.028
2025-01-05 22:00:00,1235,1138,149,23.3,979.6,932.508
2025-01-05 22:10:00,1190,1145,146,23.3,979.5,916.560
2025-01-05 22:20:00,1262,1201,159,23.2,979.2,926.579
2025-01-05 22:30:00,1241,1120,137,23.2,979.0,929.568
2025-01-05 22:40:00,1191,1171,169,23.2,979.0,926.755
2025-01-05 22:50:00,1217,1151,185,23.1,979.0,916.453
2025-01-05 23:00:00,1225,1124,164,23.1,978.9,927.846
2025-01-05 23:10:00,1287,1126,149,23.0,978.8,926.906
2025-01-05 23:20:00,1253,1133,162,23.0,978.7,917.238
2025-01-05 23:30:00,1237,1149,147,22.9,978.5,915.621
2025-01-05 23:40:00,1250,1177,133,22.9,978.2,926.586
2025-01-05 23:50:00,1230,1113,146,22.9,978.1,920.694
2025-01-06 00:00:00,1294,1179,162,22.8,978.0,918.856
2025-01-06 00:10:00,1258,1114,164,22.8,977.8,919.576
2025-01-06 00:20:00,1199,1129,149,22.7,977.8,923.167
2025-01-06 00:30:00,1228,1129,158,22.6,977.5,920.751
2025-01-06 00:40:00,1276,1129,140,22.6,977.3,917.854
2025-01-06 00:50:00,1220,1156,158,22.6,977.1,918.885
2025-01-06 01:00:00,1213,1129,158,22.6,977.0,920.043
2025-01-06 01:10:00,1217,1076,133,22.6,976.8,917.542
2025-01-06 01:20:00,1298,1191,183,22.6,976.5,923.260
2025-01-06 01:30:00,1222,1114,143,22.6,976.4,908.037
2025-01-06 01:40:00,1149,1101,146,22.6,976.2,919.156
2025-01-06 01:50:00,1211,1114,146,22.6,976.0,915.210
2025-01-06 02:00:00,1243,1170,137,22.5,975.8,919.423
2025-01-06 02:10:00,1281,1173,159,22.5,975.5,927.518
2025-01-06 02:20:00,1240,1130,151,22.4,975.2,919.409
2025-01-06 02:30:00,1215,1107,131,22.4,975.0,926.212
2025-01-06 02:40:00,1180,1192,172,22.4,974.8,924.239
2025-01-06 02:50:00,1256,1154,150,22.3,974.5,922.721
2025-01-06 03:00:00,1187,1142,144,22.3,974.3,911.732
2025-01-06 03:10:00,1256,1100,146,22.2,974.2,916.247
2025-01-06 03:20:00,1230,1123,156,22.2,973.8,913.708
2025-01-06 03:30:00,1322,1129,178,22.2,973.7,931.273
2025-01-06 03:40:00,1180,1102,143,22.1,973.5,915.793
2025-01-06 03:50:00,1262,1113,167,22.1,973.2,924.687
2025-01-06 04:00:00,1252,1127,139,22.1,973.2,919.129
2025-01-06 04:10:00,1210,1136,133,22.1,973.1,932.055
2025-01-06 04:20:00,1232,1130,149,22.0,973.0,914.056
2025-01-06 04:30:00,1295,1090,138,22.0,972.8,914.107
2025-01-06 04:40:00,1279,1095,150,22.0,972.5,917.187
2025-01-06 04:50:00,1291,1207,170,22.0,972.2,919.488
2025-01-06 05:00:00,1186,1126,137,21.9,972.0,918.522
2025-01-06 05:10:00,1260,1133,169,21.9,971.8,925.314
2025-01-06 05:20:00,1294,1138,160,21.9,971.5,917.144
2025-01-06 05:30:00,1286,1176,163,21.9,971.5,916.347
2025-01-06 05:40:00,1200,1198,142,21.9,971.2,939.028
2025-01-06 05:50:00,1222,1181,157,21.8,971.0,932.939
2025-01-06 06:00:00,1231,1063,153,21.8,970.8,922.743
2025-01-06 06:10:00,1222,1034,130,21.8,970.7,928.752
2025-01-06 06:20:00,1272,1156,160,21.7,970.6,928.394
2025-01-06 06:30:00,1227,1091,158,21.6,970.5,923.004
2025-01-06 06:40:00,1288,1144,140,21.6,970.4,929.263
2025-01-06 06:50:00,1248,1149,165,21.6,970.3,924.763
2025-01-06 07:00:00,1260,1161,166,21.5,970.3,929.040
2025-01-06 07:10:00,1246,1152,152,21.6,970.3,926.714
2025-01-06 07:20:00,1270,1175,163,21.6,970.2,924.400
2025-01-06 07:30:00,1190,1114,138,21.8,970.0,924.897
2025-01-06 07:40:00,1209,1088,133,21.9,970.2,926.022
2025-01-06 07:50:00,1258,1175,162,22.1,970.2,924.060
2025-01-06 08:00:00,1247,1155,156,22.4,971.0,934.168
2025-01-06 08:10:00,1301,1168,144,22.6,971.6,928.369
2025-01-06 08:20:00,1224,1192,154,22.6,972.0,936.307
2025-01-06 08:30:00,1250,1119,179,22.7,972.4,931.644
2025-01-06 08:40:00,1249,1178,167,22.7,972.7,932.650
2025-01-06 08:50:00,1279,1169,165,22.6,973.1,927.241
2025-01-06 09:00:00,1266,1108,126,22.6,973.7,928.668
2025-01-06 09:10:00,1179,1135,137,22.6,974.1,926.582
2025-01-06 09:20:00,1287,1129,160,22.5,974.5,920.688
2025-01-06 09:30:00,1238,1144,145,22.4,974.9,931.875
2025-01-06 09:40:00,1243,1183,143,22.4,975.4,925.501
2025-01-06 09:50:00,1199,1153,150,22.6,975.8,934.320
2025-01-06 10:00:00,1240,1058,139,22.8,976.3,927.422
2025-01-06 10:10:00,1189,1123,150,23.1,976.8,922.603
2025-01-06 10:20:00,1276,1131,161,23.4,977.2,924.435
2025-01-06 10:30:00,1255,1131,131,23.6,977.6,927.844
2025-01-06 10:40:00,1240,1151,164,23.6,978.1,921.351
2025-01-06 10:50:00,1303,1097,171,23.9,978.5,938.822
2025-01-06 11:00:00,1256,1150,143,23.9,979.0,927.828
2025-01-06 11:10:00,1263,1142,140,24.0,979.4,920.584
2025-01-06 11:20:00,1290,1140,174,24.0,979.9,924.110
2025-01-06 11:30:00,1178,1150,138,24.0,980.3,941.001
2025-01-06 11:40:00,1243,1165,170,23.9,980.7,935.689
2025-01-06 11:50:00,1231,1125,151,23.9,981.0,942.853
2025-01-06 12:00:00,1200,1154,148,23.9,981.5,925.714
2025-01-06 12:10:00,1245,1111,160,24.0,981.9,940.405
2025-01-06 12:20:00,1214,1162,156,24.1,982.2,941.033
2025-01-06 12:30:00,1239,1131,159,24.1,982.5,930.836
2025-01-06 12:40:00,1234,1094,140,24.1,982.8,916.818
2025-01-06 12:50:00,1266,1150,160,24.2,983.2,930.566
2025-01-06 13:00:00,1252,1095,151,24.2,983.5,927.439
2025-01-06 13:10:00,1242,1075,149,24.2,983.8,927.267
2025-01-06 13:20:00,1266,1122,155,24.1,984.2,933.855
2025-01-06 13:30:00,1265,1130,159,24.1,984.5,928.132
2025-01-06 13:40:00,1264,1114,145,24.1,984.8,918.834
2025-01-06 13:50:00,1179,1099,143,23.9,985.0,940.504
2025-01-06 14:00:00,1233,1149,149,23.9,985.2,922.453
2025-01-06 14:10:00,1232,1174,169,23.9,985.5,924.570
2025-01-06 14:20:00,1221,1122,166,23.8,985.8,928.164
2025-01-06 14:30:00,1195,1055,132,23.8,986.0,928.237
2025-01-06 14:40:00,1200,1111,136,23.9,986.2,940.037
2025-01-06 14:50:00,1190,1055,142,23.9,986.4,927.775
2025-01-06 15:00:00,1298,1170,152,23.9,986.7,936.945
2025-01-06 15:10:00,1242,1124,136,23.9,986.8,932.662
2025-01-06 15:20:00,1162,1112,165,23.9,987.0,925.993
2025-01-06 15:30:00,1256,1151,130,23.8,987.2,926.562
2025-01-06 15:40:00,1243,1067,152,23.8,987.5,927.781
2025-01-06 15:50:00,1209,1133,143,23.8,987.7,927.434
2025-01-06 16:00:00,1188,1127,131,23.8,987.9,929.074
2025-01-06 16:10:00,1260,1167,157,23.9,988.1,928.101
2025-01-06 16:20:00,1181,1133,158,24.0,988.3,939.858
2025-01-06 16:30:00,1263,1131,123,24.1,988.5,926.301
2025-01-06 16:40:00,1232,1189,147,24.1,988.7,923.916
2025-01-06 16:50:00,1221,1104,141,24.2,988.8,928.829
2025-01-06 17:00:00,1210,1158,156,24.2,989.0,929.088
2025-01-06 17:10:00,1218,1108,151,24.3,989.2,932.898
2025-01-06 17:20:00,1213,1136,140,24.3,989.2,928.386
2025-01-06 17:30:00,1266,1153,153,24.2,989.5,918.239
2025-01-06 17:40:00,1241,1047,141,24.1,989.5,933.203
2025-01-06 17:50:00,1241,1072,152,23.9,989.7,933.668
2025-01-06 18:00:00,1198,1136,143,23.9,989.8,929.010
2025-01-06 18:10:00,1216,1100,155,23.8,990.0,928.641
2025-01-06 18:20:00,1258,1145,159,23.6,990.1,931.100
2025-01-06 18:30:00,1233,1081,150,23.5,990.2,926.370
2025-01-06 18:40:00,1318,1128,165,23.4,990.3,932.802
2025-01-06 18:50:00,1212,1155,161,23.4,990.4,930.108
2025-01-06 19:00:00,1225,1104,142,23.3,990.5,927.045
2025-01-06 19:10:00,1202,1128,131,23.2,990.5,931.231
2025-01-06 19:20:00,1174,1069,128,23.2,990.7,924.698
2025-01-06 19:30:00,1290,1084,140,23.1,990.8,928.145
2025-01-06 19:40:00,1200,1061,131,23.1,990.9,928.159
2025-01-06 19:50:00,1103,1086,126,23.0,991.0,935.757
2025-01-06 20:00:00,1194,1145,143,22.9,991.0,931.997
2025-01-06 20:10:00,1253,1129,161,22.9,991.0,925.530
2025-01-06 20:20:00,1216,1088,154,22.8,991.0,928.564
2025-01-06 20:30:00,1211,1111,143,22.8,991.0,921.032
2025-01-06 20:40:00,1270,1142,152,22.7,991.2,923.923
2025-01-06 20:50:00,1284,1125,155,22.6,991.3,930.374
2025-01-06 21:00:00,1198,1129,151,22.6,991.5,937.539
2025-01-06 21:10:00,1250,1082,170,22.5,991.5,920.245
2025-01-06 21:20:00,1220,1049,132,22.5,991.5,939.117
2025-01-06 21:30:00,1298,1081,140,22.5,991.7,920.923
2025-01-06 21:40:00,1179,1103,143,22.5,991.8,926.833
2025-01-06 21:50:00,1198,1097,146,22.5,991.8,912.909
2025-01-06 22:00:00,1215,1070,121,22.4,991.9,922.656
2025-01-06 22:10:00,1209,1119,142,22.4,992.0,922.866
2025-01-06 22:20:00,1269,1131,133,22.3,992.2,923.512
2025-01-06 22:30:00,1201,1153,141,22.2,992.3,933.400
2025-01-06 22:40:00,1173,1063,128,22.2,992.5,921.236
2025-01-06 22:50:00,1168,1139,176,22.1,992.7,936.133
2025-01-06 23:00:00,1187,1039,136,22.0,992.8,929.387
2025-01-06 23:10:00,1213,1052,137,21.9,992.9,928.860
2025-01-06 23:20:00,1173,1062,143,21.8,992.9,911.388
2025-01-06 23:30:00,1231,1150,138,21.7,993.0,930.837
2025-01-06 23:40:00,1184,1091,145,21.6,993.1,923.937
2025-01-06 23:50:00,1203,1143,149,21.5,993.1,920.820
2025-01-07 00:00:00,1200,1079,148,21.4,993.2,922.755
2025-01-07 00:10:00,1233,1108,146,21.4,993.3,940.193
2025-01-07 00:20:00,1284,1093,124,21.2,993.5,927.938
2025-01-07 00:30:00,1222,1130,147,21.1,993.5,924.101
2025-01-07 00:40:00,1219,1090,151,21.1,993.7,922.213
2025-01-07 00:50:00,1260,1107,156,21.0,993.8,928.856
2025-01-07 01:00:00,1171,1152,141,20.9,993.8,931.334
2025-01-07 01:10:00,1205,1071,129,20.8,994.0,923.795
2025-01-07 01:20:00,1229,1107,152,20.8,994.0,915.619
2025-01-07 01:30:00,1223,1134,148,20.7,994.1,917.040
2025-01-07 01:40:00,1295,1160,142,20.6,994.2,935.364
2025-01-07 01:50:00,1222,1093,136,20.6,994.4,930.959
2025-01-07 02:00:00,1221,1110,152,20.5,994.5,929.499
2025-01-07 02:10:00,1233,1138,152,20.4,994.5,925.507
2025-01-07 02:20:00,1169,1102,132,20.4,994.4,938.346
2025-01-07 02:30:00,1185,1105,135,20.3,994.4,928.461
2025-01-07 02:40:00,1166,1117,125,20.2,994.5,921.173
2025-01-07 02:50:00,1273,1121,157,20.2,994.8,926.954
2025-01-07 03:00:00,1229,1119,156,20.1,994.8,931.556
2025-01-07 03:10:00,1195,1065,149,20.1,994.8,923.790
2025-01-07 03:20:00,1184,1182,154,20.0,995.0,922.102
2025-01-07 03:30:00,1175,1070,129,19.9,995.2,920.898
2025-01-07 03:40:00,1195,1075,151,19.9,995.2,932.751
2025-01-07 03:50:00,1160,1131,136,19.8,995.2,934.066
2025-01-07 04:00:00,1210,1056,137,19.8,995.2,936.479
2025-01-07 04:10:00,1198,1077,154,19.7,995.3,927.429
2025-01-07 04:20:00,1170,1123,161,19.6,995.4,928.881
2025-01-07 04:30:00,1163,1066,130,19.6,995.5,926.703
2025-01-07 04:40:00,1152,1140,148,19.5,995.5,923.681
2025-01-07 04:50:00,1201,1161,149,19.5,995.5,936.934
2025-01-07 05:00:00,1215,1106,137,19.4,995.7,932.222
2025-01-07 05:10:00,1178,1119,131,19.4,995.8,931.201
2025-01-07 05:20:00,1196,1160,161,19.3,995.7,931.058
2025-01-07 05:30:00,1255,1144,159,19.2,995.5,932.162
2025-01-07 05:40:00,1177,1089,126,19.2,995.7,933.211
2025-01-07 05:50:00,1182,1178,134,19.1,995.7,932.016
2025-01-07 06:00:00,1177,1120,138,19.1,995.7,938.363
2025-01-07 06:10:00,1177,1110,145,19.0,995.6,924.294
2025-01-07 06:20:00,1184,1118,154,18.9,995.6,935.353
2025-01-07 06:30:00,1213,1086,165,18.9,995.7,945.898
2025-01-07 06:40:00,1166,1120,160,18.9,995.6,935.917
2025-01-07 06:50:00,1221,1067,157,18.8,995.8,937.190
2025-01-07 07:00:00,1203,1098,141,18.8,996.0,934.132
2025-01-07 07:10:00,1192,1076,144,18.8,996.2,937.636
2025-01-07 07:20:00,1144,1039,131,18.9,996.2,937.328
2025-01-07 07:30:00,1175,1143,140,19.1,996.2,929.625
2025-01-07 07:40:00,1208,1078,139,19.1,996.4,945.860
2025-01-07 07:50:00,1192,1091,175,19.4,996.4,933.259
2025-01-07 08:00:00,1175,1127,154,19.6,996.5,937.773
2025-01-07 08:10:00,1232,1050,149,19.9,996.5,924.749
2025-01-07 08:20:00,1154,1064,128,20.1,996.6,947.425
2025-01-07 08:30:00,1180,1090,148,20.1,996.7,942.435
2025-01-07 08:40:00,1179,1180,162,20.2,996.7,932.966
2025-01-07 08:50:00,1217,1061,152,20.2,996.6,929.425
2025-01-07 09:00:00,1167,1108,154,20.2,996.6,924.596
2025-01-07 09:10:00,1251,1053,147,20.2,996.8,932.028
2025-01-07 09:20:00,1177,1116,136,20.1,996.7,940.797
2025-01-07 09:30:00,1214,1094,131,20.1,996.9,933.996
2025-01-07 09:40:00,1201,1113,163,20.0,996.9,940.849
2025-01-07 09:50:00,1286,1114,160,20.1,997.0,929.715
2025-01-07 10:00:00,1242,1114,142,20.1,997.0,938.920
2025-01-07 10:10:00,1214,1060,150,20.1,997.1,931.082
2025-01-07 10:20:00,1163,1100,148,20.2,997.1,926.262
2025-01-07 10:30:00,1186,1107,136,20.4,997.2,941.156
2025-01-07 10:40:00,1206,1019,146,20.4,997.5,941.726
2025-01-07 10:50:00,1230,1074,149,20.5,997.5,926.629
2025-01-07 11:00:00,1248,1082,145,20.6,997.8,931.417
2025-01-07 11:10:00,1187,1126,139,20.7,997.8,929.747
2025-01-07 11:20:00,1290,1134,162,20.8,997.8,935.486
2025-01-07 11:30:00,1189,1097,147,20.6,998.0,929.852
2025-01-07 11:40:00,1313,1137,156,20.6,998.0,921.003
2025-01-07 11:50:00,1163,1076,142,20.6,998.1,934.961
2025-01-07 12:00:00,1191,1141,132,20.6,998.0,944.633
2025-01-07 12:10:00,1223,1084,150,20.8,998.0,934.776
2025-01-07 12:20:00,1224,1101,131,20.8,997.9,930.364
2025-01-07 12:30:00,1257,1121,176,20.8,997.9,937.555
2025-01-07 12:40:00,1180,1131,152,20.9,997.8,937.381
2025-01-07 12:50:00,1238,1042,133,20.9,997.8,936.315
2025-01-07 13:00:00,1199,1099,128,20.9,997.8,944.197
2025-01-07 13:10:00,1159,1161,152,20.9,997.8,934.005
2025-01-07 13:20:00,1195,1155,153,20.9,997.7,944.619
2025-01-07 13:30:00,1263,1083,133,20.9,997.7,924.614
2025-01-07 13:40:00,1168,1072,137,20.8,997.7,941.265
2025-01-07 13:50:00,1219,1118,130,20.8,997.8,939.040
2025-01-07 14:00:00,1194,1073,145,20.6,997.8,928.715
2025-01-07 14:10:00,1307,1077,169,20.6,997.9,928.798
2025-01-07 14:20:00,1209,1164,165,20.5,997.8,928.360
2025-01-07 14:30:00,1265,1096,156,20.4,997.9,931.345
2025-01-07 14:40:00,1213,1102,138,20.5,998.0,937.273
2025-01-07 14:50:00,1142,1132,137,20.7,998.2,931.313
2025-01-07 15:00:00,1185,1158,151,21.0,998.3,932.630
2025-01-07 15:10:00,1185,1091,147,21.3,998.5,936.636
2025-01-07 15:20:00,1223,1121,156,21.6,998.8,925.963
2025-01-07 15:30:00,1171,1132,142,21.9,998.8,926.457
2025-01-07 15:40:00,1188,1055,151,22.1,999.0,929.298
2025-01-07 15:50:00,1234,1089,155,22.4,999.2,939.126
2025-01-07 16:00:00,1260,1100,145,22.6,999.3,931.400
2025-01-07 16:10:00,1229,1066,149,22.8,999.5,941.269
2025-01-07 16:20:00,1270,1085,130,22.9,999.5,932.439
2025-01-07 16:30:00,1240,1121,133,22.9,999.5,941.910
2025-01-07 16:40:00,1240,1096,146,23.0,999.5,930.039
2025-01-07 16:50:00,1209,1066,143,23.1,999.5,930.641
2025-01-07 17:00:00,1238,1114,158,23.1,999.5,922.690
2025-01-07 17:10:00,1241,1151,157,23.1,999.4,925.352
2025-01-07 17:20:00,1267,1065,156,23.2,999.5,926.846
2025-01-07 17:30:00,1204,1080,124,23.2,999.5,940.815
2025-01-07 17:40:00,1189,1067,131,23.3,999.7,931.987
2025-01-07 17:50:00,1227,1051,154,23.4,999.7,928.521
2025-01-07 18:00:00,1214,1101,135,23.4,999.8,929.907
2025-01-07 18:10:00,1186,1069,161,23.4,999.8,928.894
2025-01-07 18:20:00,1166,1078,143,23.4,1000.0,929.996
2025-01-07 18:30:00,1246,1137,149,23.4,1000.2,935.337
2025-01-07 18:40:00,1272,1108,163,23.3,1000.2,930.183
2025-01-07 18:50:00,1214,1093,146,23.2,1000.5,936.028
2025-01-07 19:00:00,1308,1090,157,23.1,1000.7,919.327
2025-01-07 19:10:00,1199,1101,157,23.1,1000.7,924.949
2025-01-07 19:20:00,1285,1110,153,23.0,1000.7,927.078
2025-01-07 19:30:00,1207,1079,167,22.9,1000.8,937.732
2025-01-07 19:40:00,1205,1060,133,22.9,1000.8,928.930
2025-01-07 19:50:00,1179,1076,137,22.8,1000.7,927.791
2025-01-07 20:00:00,1239,1112,155,22.7,1000.8,936.855
2025-01-07 20:10:00,1213,1071,144,22.6,1000.8,929.744
2025-01-07 20:20:00,1194,1121,127,22.6,1001.0,934.151
2025-01-07 20:30:00,1172,1096,139,22.6,1001.0,920.821
2025-01-07 20:40:00,1175,1109,137,22.5,1001.0,924.377
2025-01-07 20:50:00,1226,1062,160,22.4,1001.0,940.337
2025-01-07 21:00:00,1209,1085,130,22.4,1001.0,930.149
2025-01-07 21:10:00,1204,1059,137,22.4,1001.2,940.709
2025-01-07 21:20:00,1202,1098,141,22.4,1001.2,931.724
2025-01-07 21:30:00,1148,1116,139,22.4,1001.3,939.381
2025-01-07 21:40:00,1159,1060,125,22.4,1001.5,931.366
2025-01-07 21:50:00,1279,1171,162,22.5,1001.6,933.320
2025-01-07 22:00:00,1263,1071,142,22.5,1001.8,926.225
2025-01-07 22:10:00,1231,1168,169,22.4,1001.8,934.128
2025-01-07 22:20:00,1229,1092,148,22.4,1002.0,924.998
2025-01-07 22:30:00,1223,1086,140,22.3,1002.2,942.036
2025-01-07 22:40:00,1299,1166,165,22.2,1002.2,943.939
2025-01-07 22:50:00,1216,1074,140,22.1,1002.2,920.766
2025-01-07 23:00:00,1226,1086,151,22.0,1002.2,934.054
2025-01-07 23:10:00,1200,1089,127,21.9,1002.5,942.651
2025-01-07 23:20:00,1193,1108,147,21.8,1002.5,929.471
2025-01-07 23:30:00,1238,1183,151,21.6,1002.4,932.130
2025-01-07 23:40:00,1228,1045,137,21.5,1002.4,931.894
2025-01-07 23:50:00,1193,1082,129,21.4,1002.4,938.977
2025-01-08 00:00:00,1140,1100,137,21.3,1002.3,935.479
2025-01-08 00:10:00,1264,1164,140,21.2,1002.5,933.263
2025-01-08 00:20:00,1290,1086,168,21.1,1002.5,935.954
2025-01-08 00:30:00,1198,1083,144,20.9,1002.7,925.836
2025-01-08 00:40:00,1185,1062,137,20.9,1002.7,938.101
2025-01-08 00:50:00,1232,1085,167,20.8,1002.5,935.467
2025-01-08 01:00:00,1172,1083,134,20.6,1002.5,926.086
2025-01-08 01:10:00,1209,1152,145,20.6,1002.5,931.353
2025-01-08 01:20:00,1162,1123,139,20.5,1002.5,938.054
2025-01-08 01:30:00,1192,1092,135,20.4,1002.7,933.454
2025-01-08 01:40:00,1155,1095,130,20.3,1002.7,936.561
2025-01-08 01:50:00,1221,1087,160,20.2,1002.8,930.204
2025-01-08 02:00:00,1226,1103,167,20.1,1002.7,932.539
2025-01-08 02:10:00,1170,1098,132,20.1,1002.8,926.536
2025-01-08 02:20:00,1122,1048,142,19.9,1002.9,929.659
2025-01-08 02:30:00,1212,1103,161,19.9,1003.0,934.538
2025-01-08 02:40:00,1254,1131,156,19.8,1003.0,938.953
2025-01-08 02:50:00,1196,1082,156,19.7,1002.8,924.455
2025-01-08 03:00:00,1227,1101,150,19.6,1003.0,937.552
2025-01-08 03:10:00,1141,1062,118,19.6,1003.0,934.142
2025-01-08 03:20:00,1188,1128,143,19.5,1003.2,941.789
2025-01-08 03:30:00,1212,1143,130,19.4,1003.1,925.139
2025-01-08 03:40:00,1234,1122,148,19.4,1002.9,944.861
2025-01-08 03:50:00,1135,1106,116,19.2,1002.8,927.513
2025-01-08 04:00:00,1201,1081,138,19.2,1002.8,925.013
2025-01-08 04:10:00,1256,1132,151,19.1,1002.8,937.254
2025-01-08 04:20:00,1192,1034,127,19.1,1002.8,916.581
2025-01-08 04:30:00,1185,1046,136,19.0,1002.8,942.878
2025-01-08 04:40:00,1154,1093,145,18.9,1002.8,934.781
2025-01-08 04:50:00,1237,1110,130,18.9,1002.9,928.956
2025-01-08 05:00:00,1275,1039,151,18.8,1002.8,930.842
2025-01-08 05:10:00,1164,1058,145,18.7,1002.9,935.852
2025-01-08 05:20:00,1218,1079,167,18.6,1002.8,933.956
2025-01-08 05:30:00,1192,1072,139,18.6,1002.8,940.032
2025-01-08 05:40:00,1198,1032,118,18.5,1002.7,933.342
2025-01-08 05:50:00,1231,1078,154,18.4,1002.8,936.158
2025-01-08 06:00:00,1201,1090,146,18.4,1002.7,926.204
2025-01-08 06:10:00,1209,1104,144,18.3,1002.7,923.986
2025-01-08 06:20:00,1271,1120,172,18.2,1002.7,934.789
2025-01-08 06:30:00,1270,1095,157,18.2,1002.8,932.454
2025-01-08 06:40:00,1225,1086,132,18.1,1003.0,930.104
2025-01-08 06:50:00,1182,1076,148,18.1,1003.1,939.439
2025-01-08 07:00:00,1275,1083,149,18.1,1003.0,920.258
2025-01-08 07:10:00,1129,1112,135,18.1,1003.0,926.118
2025-01-08 07:20:00,1158,1092,147,18.1,1002.9,925.986
2025-01-08 07:30:00,1230,1093,144,18.3,1003.0,928.940
2025-01-08 07:40:00,1177,1083,141,18.4,1003.0,935.882
2025-01-08 07:50:00,1116,1037,140,18.7,1003.0,919.825
2025-01-08 08:00:00,1222,1071,146,18.9,1003.1,928.956
2025-01-08 08:10:00,1169,1077,134,19.1,1003.0,927.337
2025-01-08 08:20:00,1160,1094,138,19.2,1002.9,929.080
2025-01-08 08:30:00,1222,1083,135,19.3,1002.7,937.156
2025-01-08 08:40:00,1228,1106,146,19.3,1002.7,936.585
2025-01-08 08:50:00,1174,1052,122,19.3,1002.5,932.643
2025-01-08 09:00:00,1235,1140,157,19.3,1002.5,933.467
2025-01-08 09:10:00,1154,1111,150,19.2,1002.4,938.679
2025-01-08 09:20:00,1181,1067,155,19.2,1002.5,937.047
2025-01-08 09:30:00,1253,1068,145,19.1,1002.5,928.824
2025-01-08 09:40:00,1190,1107,143,19.1,1002.5,939.499
2025-01-08 09:50:00,1282,1125,156,19.1,1002.5,941.830
2025-01-08 10:00:00,1193,1058,142,19.1,1002.4,932.082
2025-01-08 10:10:00,1191,1052,138,19.1,1002.5,927.185
2025-01-08 10:20:00,1202,1123,153,19.2,1002.5,936.699
2025-01-08 10:30:00,1220,1125,141,19.5,1002.4,943.068
2025-01-08 10:40:00,1112,1105,135,19.9,1002.3,925.458
2025-01-08 10:50:00,1129,1091,155,20.2,1002.3,933.941
2025-01-08 11:00:00,1177,1094,150,20.6,1002.2,930.360
2025-01-08 11:10:00,1214,1060,123,20.9,1002.0,929.281
2025-01-08 11:20:00,1220,1122,153,21.1,1001.8,936.360
2025-01-08 11:30:00,1203,1108,144,21.3,1001.6,942.864
2025-01-08 11:40:00,1229,1079,136,21.4,1001.4,935.827
2025-01-08 11:50:00,1201,1102,135,21.6,1001.1,940.545
2025-01-08 12:00:00,1194,1068,149,21.9,1000.8,934.363
2025-01-08 12:10:00,1231,1068,131,22.1,1000.5,943.117
2025-01-08 12:20:00,1231,1094,144,22.2,1000.2,946.242
2025-01-08 12:30:00,1220,1112,141,22.4,1000.0,934.606
2025-01-08 12:40:00,1221,1099,124,22.4,999.9,939.407
2025-01-08 12:50:00,1187,1087,139,22.6,999.7,921.849
2025-01-08 13:00:00,1218,1064,149,22.6,999.3,938.741
2025-01-08 13:10:00,1242,1144,147,22.7,999.0,941.211
2025-01-08 13:20:00,1210,1089,137,22.6,999.0,935.199
2025-01-08 13:30:00,1203,1116,152,22.6,999.0,934.936
2025-01-08 13:40:00,1244,1113,140,22.6,998.9,940.632
2025-01-08 13:50:00,1282,1058,142,22.4,998.7,942.851
2025-01-08 14:00:00,1194,1117,172,22.6,998.6,932.282
2025-01-08 14:10:00,1243,1135,148,22.6,998.5,935.056
2025-01-08 14:20:00,1205,1131,149,22.8,998.5,939.482
2025-01-08 14:30:00,1222,1130,153,22.9,998.6,939.230
2025-01-08 14:40:00,1256,1100,159,23.0,998.5,940.305
2025-01-08 14:50:00,1173,1075,139,23.1,998.5,937.171
2025-01-08 15:00:00,1161,1065,120,23.1,998.3,939.177
2025-01-08 15:10:00,1208,1070,157,23.0,998.2,942.959
2025-01-08 15:20:00,1212,1090,145,23.0,997.8,927.318
2025-01-08 15:30:00,1205,1115,151,23.0,997.8,944.066
2025-01-08 15:40:00,1254,1126,159,23.0,997.9,930.453
2025-01-08 15:50:00,1211,1100,139,23.1,998.0,931.164
2025-01-08 16:00:00,1215,1096,153,23.1,998.0,932.742
2025-01-08 16:10:00,1220,1099,153,23.2,998.0,941.346
2025-01-08 16:20:00,1166,1095,154,23.2,998.0,932.362
2025-01-08 16:30:00,1172,1113,139,23.2,997.9,929.754
2025-01-08 16:40:00,1237,1067,138,23.2,997.8,943.655
2025-01-08 16:50:00,1180,1138,150,23.2,997.8,932.401
2025-01-08 17:00:00,1248,1097,144,23.1,997.7,932.063
2025-01-08 17:10:00,1232,1141,151,23.1,997.7,939.674
2025-01-08 17:20:00,1236,1124,136,23.1,997.9,946.735
2025-01-08 17:30:00,1132,1082,129,23.0,998.0,936.734
2025-01-08 17:40:00,1207,1117,140,23.0,998.0,931.855
2025-01-08 17:50:00,1184,1124,143,23.0,997.8,939.276
2025-01-08 18:00:00,1208,1156,150,23.0,997.8,938.027
2025-01-08 18:10:00,1274,1101,157,23.0,997.8,927.739
2025-01-08 18:20:00,1188,1061,124,23.0,997.8,936.877
2025-01-08 18:30:00,1268,1065,145,23.1,997.8,934.136
2025-01-08 18:40:00,1198,1167,144,23.1,997.9,938.092
2025-01-08 18:50:00,1237,1105,134,23.1,998.0,937.942
2025-01-08 19:00:00,1222,1096,137,23.1,998.0,932.215
2025-01-08 19:10:00,1208,1058,132,22.9,998.1,940.062
2025-01-08 19:20:00,1169,1078,126,22.7,998.2,933.530
2025-01-08 19:30:00,1198,1083,160,22.6,998.2,923.664
2025-01-08 19:40:00,1251,1150,150,22.4,998.0,935.906
2025-01-08 19:50:00,1230,1124,153,22.4,998.0,937.952
2025-01-08 20:00:00,1202,1078,135,22.2,998.0,930.305
2025-01-08 20:10:00,1208,1143,132,22.1,998.1,939.817
2025-01-08 20:20:00,1219,1056,147,22.0,998.0,945.478
2025-01-08 20:30:00,1206,1058,154,21.9,998.0,957.385
2025-01-08 20:40:00,1322,1118,145,21.9,998.0,938.229
2025-01-08 20:50:00,1207,1081,139,21.8,998.0,935.443
2025-01-08 21:00:00,1215,1118,124,21.8,998.0,938.435
2025-01-08 21:10:00,1217,1018,134,21.7,998.0,938.916
2025-01-08 21:20:00,1204,1062,138,21.6,997.9,950.195
2025-01-08 21:30:00,1302,1160,162,21.6,998.0,941.662
2025-01-08 21:40:00,1229,1088,128,21.5,998.0,939.471
2025-01-08 21:50:00,1198,1122,135,21.4,998.0,947.901
2025-01-08 22:00:00,1248,1124,138,21.4,998.2,943.001
2025-01-08 22:10:00,1277,1069,150,21.3,998.5,935.013
2025-01-08 22:20:00,1163,1055,139,21.2,998.5,932.189
2025-01-08 22:30:00,1225,1139,146,21.1,998.2,931.380
2025-01-08 22:40:00,1185,1084,106,21.1,998.2,937.916
2025-01-08 22:50:00,1185,1069,141,20.9,998.3,929.201
2025-01-08 23:00:00,1185,1143,147,20.9,998.4,934.347
2025-01-08 23:10:00,1201,1098,138,20.8,998.7,950.996
2025-01-08 23:20:00,1215,1115,145,20.7,999.0,929.442
2025-01-08 23:30:00,1175,1119,138,20.6,998.9,924.698
2025-01-08 23:40:00,1237,1083,129,20.5,998.8,938.199
2025-01-08 23:50:00,1235,1116,155,20.4,998.8,931.859
2025-01-09 00:00:00,1209,1147,156,20.3,999.0,927.206
2025-01-09 00:10:00,1209,1105,152,20.2,998.8,923.589
2025-01-09 00:20:00,1242,1134,134,20.1,998.7,929.790
2025-01-09 00:30:00,1188,1143,160,20.1,998.7,934.534
2025-01-09 00:40:00,1150,1146,158,19.9,998.5,927.493
2025-01-09 00:50:00,1253,1148,150,19.9,998.5,934.387
2025-01-09 01:00:00,1203,1076,125,19.8,998.3,937.601
2025-01-09 01:10:00,1193,1063,143,19.7,998.5,936.693
2025-01-09 01:20:00,1235,1093,131,19.6,998.5,938.470
2025-01-09 01:30:00,1163,1081,119,19.6,998.6,931.038
2025-01-09 01:40:00,1168,1064,140,19.5,998.8,932.401
2025-01-09 01:50:00,1202,1110,152,19.4,998.9,930.536
2025-01-09 02:00:00,1169,1053,145,19.4,999.0,937.222
2025-01-09 02:10:00,1196,1105,141,19.3,999.2,932.235
2025-01-09 02:20:00,1146,1124,153,19.2,999.3,938.571
2025-01-09 02:30:00,1282,1085,163,19.1,999.3,939.194
2025-01-09 02:40:00,1164,1098,130,19.1,999.3,937.425
2025-01-09 02:50:00,1186,1074,133,19.0,999.3,932.472
2025-01-09 03:00:00,1213,1090,144,18.9,999.4,952.231
2025-01-09 03:10:00,1162,1076,136,18.9,999.3,945.160
2025-01-09 03:20:00,1180,1121,139,18.8,999.5,935.040
2025-01-09 03:30:00,1246,1108,148,18.8,999.6,932.552
2025-01-09 03:40:00,1212,1064,136,18.7,999.8,940.775
2025-01-09 03:50:00,1217,1090,131,18.7,1000.0,934.866
2025-01-09 04:00:00,1200,1053,153,18.6,1000.0,945.929
2025-01-09 04:10:00,1182,1065,146,18.6,1000.0,938.580
2025-01-09 04:20:00,1221,1099,153,18.5,1000.1,938.846
2025-01-09 04:30:00,1162,1133,145,18.4,1000.2,946.405
2025-01-09 04:40:00,1169,1137,144,18.4,1000.5,937.120
2025-01-09 04:50:00,1151,1087,166,18.4,1000.7,930.474
2025-01-09 05:00:00,1184,1105,165,18.3,1000.8,942.649
2025-01-09 05:10:00,1230,1135,174,18.2,1000.9,940.858
2025-01-09 05:20:00,1181,1096,161,18.2,1001.0,935.186
2025-01-09 05:30:00,1145,1044,125,18.1,1001.2,922.795
2025-01-09 05:40:00,1191,1107,149,18.1,1001.3,933.458
2025-01-09 05:50:00,1206,1114,142,18.1,1001.5,947.901
2025-01-09 06:00:00,1209,1073,149,18.0,1001.6,943.846
2025-01-09 06:10:00,1190,1106,130,18.0,1001.8,940.557
2025-01-09 06:20:00,1163,1092,150,17.9,1002.0,942.722
2025-01-09 06:30:00,1230,1139,155,17.9,1002.3,939.484
2025-01-09 06:40:00,1259,1096,160,17.8,1002.5,939.331
2025-01-09 06:50:00,1232,1126,156,17.8,1002.7,923.513
2025-01-09 07:00:00,1200,1143,160,17.7,1002.9,932.124
2025-01-09 07:10:00,1254,1098,159,17.8,1003.0,950.006
2025-01-09 07:20:00,1175,1114,139,17.9,1003.2,944.074
2025-01-09 07:30:00,1222,1060,146,17.9,1003.5,944.566
2025-01-09 07:40:00,1172,1101,158,18.1,1003.8,941.297
2025-01-09 07:50:00,1188,1067,134,18.4,1004.0,944.236
2025-01-09 08:00:00,1177,1123,137,18.6,1004.2,933.464
2025-01-09 08:10:00,1182,1068,133,18.9,1004.3,940.011
2025-01-09 08:20:00,1209,1070,134,18.9,1004.5,928.135
2025-01-09 08:30:00,1253,1117,176,19.0,1004.7,939.552
2025-01-09 08:40:00,1107,1072,140,19.0,1004.8,936.909
2025-01-09 08:50:00,1249,1092,144,19.0,1005.0,933.963
2025-01-09 09:00:00,1206,1065,152,18.9,1005.1,927.791
2025-01-09 09:10:00,1226,1138,145,18.9,1005.3,938.537
2025-01-09 09:20:00,1186,1130,148,18.8,1005.6,937.158
2025-01-09 09:30:00,1180,1139,168,18.8,1005.8,944.795
2025-01-09 09:40:00,1244,1139,142,18.7,1006.1,940.571
2025-01-09 09:50:00,1238,1134,157,18.7,1006.3,927.210
2025-01-09 10:00:00,1218,1042,138,18.6,1006.5,943.350
2025-01-09 10:10:00,1222,1156,157,18.6,1006.7,943.021
2025-01-09 10:20:00,1189,1030,128,18.5,1006.7,941.663
2025-01-09 10:30:00,1232,1066,125,18.4,1006.8,939.147
2025-01-09 10:40:00,1187,1128,152,18.4,1007.0,946.487
2025-01-09 10:50:00,1226,1120,159,18.3,1007.1,946.644
2025-01-09 11:00:00,1225,1095,148,18.2,1007.2,936.963
2025-01-09 11:10:00,1180,1129,136,18.2,1007.4,947.179
2025-01-09 11:20:00,1205,1133,157,18.1,1007.5,955.579
2025-01-09 11:30:00,1194,1134,157,18.1,1007.8,924.849
2025-01-09 11:40:00,1196,1039,152,18.0,1007.8,932.544
2025-01-09 11:50:00,1177,1101,134,18.0,1008.0,945.541
2025-01-09 12:00:00,1200,1119,151,17.9,1008.2,958.166
2025-01-09 12:10:00,1173,1126,155,17.9,1008.2,942.117
2025-01-09 12:20:00,1215,1047,120,17.8,1008.3,941.382
2025-01-09 12:30:00,1263,1103,155,17.8,1008.3,939.605
2025-01-09 12:40:00,1202,1024,144,17.8,1008.2,945.407
2025-01-09 12:50:00,1162,1088,146,17.8,1008.3,947.147
2025-01-09 13:00:00,1195,1094,150,17.9,1008.3,947.766
2025-01-09 13:10:00,1179,1075,130,18.1,1008.4,951.824
2025-01-09 13:20:00,1195,1054,133,18.4,1008.5,949.143
2025-01-09 13:30:00,1195,1103,133,18.6,1008.7,939.626
2025-01-09 13:40:00,1186,1075,144,18.9,1008.8,948.022
2025-01-09 13:50:00,1156,1106,132,19.2,1009.1,955.693
2025-01-09 14:00:00,1264,1165,156,19.4,1009.2,950.126
2025-01-09 14:10:00,1179,1016,125,19.6,1009.4,954.701
2025-01-09 14:20:00,1154,1109,136,19.7,1009.5,958.316
2025-01-09 14:30:00,1140,1128,144,19.9,1009.8,949.818
2025-01-09 14:40:00,1273,1106,143,19.9,1010.0,952.357
2025-01-09 14:50:00,1154,1144,131,20.1,1010.0,940.812
2025-01-09 15:00:00,1229,1121,125,20.2,1010.0,958.337
2025-01-09 15:10:00,1192,1127,154,20.3,1010.2,955.596
2025-01-09 15:20:00,1125,1103,148,20.4,1010.3,959.698
2025-01-09 15:30:00,1223,1176,160,20.4,1010.5,952.490
2025-01-09 15:40:00,1244,1075,136,20.4,1010.7,954.650
2025-01-09 15:50:00,1220,1122,145,20.4,1010.8,946.458
2025-01-09 16:00:00,1179,1064,149,20.4,1011.0,960.533
2025-01-09 16:10:00,1201,1144,149,20.4,1011.2,949.603
2025-01-09 16:20:00,1174,1083,152,20.4,1011.4,952.601
2025-01-09 16:30:00,1200,1036,133,20.5,1011.5,943.093
2025-01-09 16:40:00,1192,1104,142,20.6,1011.7,952.472
2025-01-09 16:50:00,1156,1101,146,20.6,1012.0,961.615
2025-01-09 17:00:00,1193,1033,128,20.6,1012.2,946.744
2025-01-09 17:10:00,1251,1119,145,20.6,1012.2,950.410
2025-01-09 17:20:00,1244,1101,148,20.5,1012.4,964.660
2025-01-09 17:30:00,1211,1065,122,20.4,1012.5,965.268
2025-01-09 17:40:00,1186,1094,150,20.4,1012.7,953.327
2025-01-09 17:50:00,1216,1098,152,20.4,1012.7,953.717
2025-01-09 18:00:00,1186,1132,155,20.5,1012.8,963.325
2025-01-09 18:10:00,1180,1096,144,20.5,1012.8,956.193
2025-01-09 18:20:00,1217,1104,134,20.5,1013.0,950.283
2025-01-09 18:30:00,1159,1142,146,20.4,1013.0,947.186
2025-01-09 18:40:00,1261,1106,145,20.4,1013.2,947.418
2025-01-09 18:50:00,1198,1120,143,20.4,1013.2,962.741
2025-01-09 19:00:00,1207,1100,128,20.4,1013.3,976.617
2025-01-09 19:10:00,1223,1086,147,20.3,1013.6,942.762
2025-01-09 19:20:00,1170,1069,145,20.3,1013.8,949.472
2025-01-09 19:30:00,1112,1064,136,20.3,1014.0,953.044
2025-01-09 19:40:00,1130,1094,139,20.3,1014.0,954.591
2025-01-09 19:50:00,1228,1110,144,20.3,1014.1,946.923
2025-01-09 20:00:00,1166,1034,139,20.4,1014.2,962.823
2025-01-09 20:10:00,1216,1081,146,20.4,1014.3,956.482
2025-01-09 20:20:00,1164,1112,136,20.5,1014.5,953.767
2025-01-09 20:30:00,1198,1079,139,20.5,1014.8,945.070
2025-01-09 20:40:00,1229,1098,128,20.5,1015.0,940.340
2025-01-09 20:50:00,1290,1067,150,20.5,1015.2,964.218
2025-01-09 21:00:00,1200,1126,133,20.4,1015.4,953.477
2025-01-09 21:10:00,1174,1100,140,20.4,1015.5,946.990
2025-01-09 21:20:00,1238,997,122,20.4,1015.5,948.143
2025-01-09 21:30:00,1201,1112,151,20.4,1015.6,943.558
2025-01-09 21:40:00,1194,1012,121,20.4,1015.7,940.371
2025-01-09 21:50:00,1207,1062,120,20.4,1015.8,934.874
2025-01-09 22:00:00,1190,1109,155,20.4,1015.8,949.363
2025-01-09 22:10:00,1197,1128,143,20.4,1015.9,945.415
2025-01-09 22:20:00,1195,1087,143,20.3,1016.0,943.732
2025-01-09 22:30:00,1236,1135,138,20.2,1016.1,939.678
2025-01-09 22:40:00,1142,1105,129,20.1,1016.2,940.260
2025-01-09 22:50:00,1169,1046,128,20.1,1016.3,954.201
2025-01-09 23:00:00,1161,1083,141,20.0,1016.3,941.628
2025-01-09 23:10:00,1189,1040,124,19.9,1016.4,938.968
2025-01-09 23:20:00,1278,1132,156,19.8,1016.5,949.433
2025-01-09 23:30:00,1191,1071,133,19.8,1016.5,948.301
2025-01-09 23:40:00,1168,1072,147,19.6,1016.6,953.175
2025-01-09 23:50:00,1197,1076,146,19.6,1016.6,953.108
2025-01-10 00:00:00,1244,1096,147,19.4,1016.6,952.582
2025-01-10 00:10:00,1149,1069,133,19.4,1016.5,941.593
2025-01-10 00:20:00,1130,1094,131,19.3,1016.5,954.629
2025-01-10 00:30:00,1212,1062,139,19.2,1016.6,950.961
2025-01-10 00:40:00,1234,1063,130,19.1,1016.5,951.637
2025-01-10 00:50:00,1245,1040,142,19.0,1016.7,941.157
2025-01-10 01:00:00,1158,1089,133,18.9,1016.7,944.457
2025-01-10 01:10:00,1159,1126,131,18.9,1016.7,948.121
2025-01-10 01:20:00,1242,1148,130,18.8,1016.7,951.375
2025-01-10 01:30:00,1176,1082,136,18.7,1016.8,943.557
2025-01-10 01:40:00,1183,1101,119,18.6,1016.8,946.654
2025-01-10 01:50:00,1179,1055,138,18.6,1016.9,951.656
2025-01-10 02:00:00,1140,1104,150,18.5,1016.8,957.232
2025-01-10 02:10:00,1226,1001,130,18.4,1016.8,962.845
2025-01-10 02:20:00,1219,1070,155,18.3,1016.9,954.204
2025-01-10 02:30:00,1155,1100,132,18.2,1016.8,958.629
2025-01-10 02:40:00,1177,1046,126,18.2,1017.0,953.915
2025-01-10 02:50:00,1220,1073,151,18.1,1017.0,951.093
2025-01-10 03:00:00,1144,1124,150,18.1,1017.0,949.075
2025-01-10 03:10:00,1174,1084,145,18.0,1017.0,947.099
2025-01-10 03:20:00,1230,1065,144,17.9,1017.0,958.016
2025-01-10 03:30:00,1116,1059,132,17.9,1017.2,954.200
2025-01-10 03:40:00,1180,1113,158,17.8,1017.3,949.853
2025-01-10 03:50:00,1192,1074,142,17.7,1017.2,941.598
2025-01-10 04:00:00,1206,1096,165,17.7,1017.2,950.983
2025-01-10 04:10:00,1152,1069,132,17.6,1017.2,955.306
2025-01-10 04:20:00,1199,1162,131,17.6,1017.2,968.168
2025-01-10 04:30:00,1197,1104,138,17.5,1017.0,943.646
2025-01-10 04:40:00,1174,1043,134,17.4,1016.8,952.097
2025-01-10 04:50:00,1206,1134,150,17.4,1016.8,957.106
2025-01-10 05:00:00,1167,1119,120,17.3,1016.7,960.421
2025-01-10 05:10:00,1116,1054,117,17.2,1016.6,949.077
2025-01-10 05:20:00,1165,1003,132,17.1,1016.7,949.235
2025-01-10 05:30:00,1131,1060,130,17.1,1016.8,950.600
2025-01-10 05:40:00,1189,1110,171,17.1,1016.8,945.289
2025-01-10 05:50:00,1210,1057,128,17.0,1016.8,952.483
2025-01-10 06:00:00,1216,1127,146,16.9,1016.7,950.884
2025-01-10 06:10:00,1187,1105,145,16.9,1016.8,966.955
2025-01-10 06:20:00,1209,1063,133,16.8,1016.8,962.630
2025-01-10 06:30:00,1173,1075,134,16.8,1017.1,966.918
2025-01-10 06:40:00,1214,1092,148,16.7,1017.2,948.176
2025-01-10 06:50:00,1195,1084,142,16.6,1017.3,947.183
2025-01-10 07:00:00,1256,1127,144,16.6,1017.4,953.361
2025-01-10 07:10:00,1151,997,126,16.6,1017.3,952.893
2025-01-10 07:20:00,1165,1074,148,16.7,1017.4,956.954
2025-01-10 07:30:00,1157,1013,127,16.9,1017.7,958.412
2025-01-10 07:40:00,1192,1071,144,17.1,1017.8,962.423
2025-01-10 07:50:00,1136,1052,131,17.3,1018.0,957.207
2025-01-10 08:00:00,1203,1110,154,17.6,1018.0,955.719
2025-01-10 08:10:00,1180,1084,141,17.8,1018.3,941.119
2025-01-10 08:20:00,1144,1071,131,17.8,1018.3,954.310
2025-01-10 08:30:00,1186,1087,134,17.9,1018.3,951.889
2025-01-10 08:40:00,1162,1137,139,17.9,1018.4,956.672
2025-01-10 08:50:00,1191,1098,129,17.9,1018.3,954.103
2025-01-10 09:00:00,1110,1057,136,17.8,1018.3,960.402
2025-01-10 09:10:00,1198,1152,155,17.9,1018.3,954.737
2025-01-10 09:20:00,1208,1077,153,18.1,1018.2,963.818
2025-01-10 09:30:00,1207,1118,146,18.4,1018.3,953.437
2025-01-10 09:40:00,1182,1111,158,18.7,1018.2,964.874
2025-01-10 09:50:00,1200,1120,136,18.9,1018.5,956.122
2025-01-10 10:00:00,1138,1081,138,19.2,1018.5,957.444
2025-01-10 10:10:00,1134,1076,155,19.4,1018.5,953.439
2025-01-10 10:20:00,1229,1110,161,19.5,1018.5,955.966
2025-01-10 10:30:00,1188,1083,154,19.6,1018.5,946.247
2025-01-10 10:40:00,1217,1096,142,19.6,1018.7,960.290
2025-01-10 10:50:00,1191,1048,128,19.7,1018.7,958.217
2025-01-10 11:00:00,1187,1088,138,19.7,1018.6,948.337
2025-01-10 11:10:00,1194,1067,147,19.8,1018.6,962.158
2025-01-10 11:20:00,1173,1087,151,19.8,1018.6,967.083
2025-01-10 11:30:00,1208,1098,162,19.9,1018.7,954.825
2025-01-10 11:40:00,1195,1031,142,19.9,1018.7,961.571
2025-01-10 11:50:00,1213,1051,128,19.9,1018.8,969.019
2025-01-10 12:00:00,1290,1151,161,20.0,1018.8,956.165
2025-01-10 12:10:00,1204,1088,144,20.1,1018.9,955.209
2025-01-10 12:20:00,1210,1046,145,20.1,1019.0,964.892
2025-01-10 12:30:00,1158,1129,131,20.1,1019.1,946.980
2025-01-10 12:40:00,1211,1145,153,20.2,1019.1,958.767
2025-01-10 12:50:00,1208,1045,142,20.2,1019.1,951.627
2025-01-10 13:00:00,1239,1089,143,20.3,1019.1,954.646
2025-01-10 13:10:00,1182,1117,142,20.3,1019.2,965.843
2025-01-10 13:20:00,1188,1143,155,20.4,1019.2,966.842
2025-01-10 13:30:00,1191,1138,153,20.4,1019.2,944.345
2025-01-10 13:40:00,1155,1026,138,20.4,1019.3,964.847
2025-01-10 13:50:00,1178,1097,111,20.5,1019.5,962.776
2025-01-10 14:00:00,1182,1043,133,20.6,1019.5,968.114
2025-01-10 14:10:00,1198,1067,134,20.6,1019.5,964.467
2025-01-10 14:20:00,1195,1102,123,20.6,1019.5,967.162
2025-01-10 14:30:00,1168,1087,148,20.6,1019.7,966.144
2025-01-10 14:40:00,1195,1048,127,20.7,1019.6,958.004
2025-01-10 14:50:00,1191,1105,133,20.7,1019.6,961.636
2025-01-10 15:00:00,1205,1103,125,20.8,1019.6,953.237
2025-01-10 15:10:00,1161,1086,140,20.9,1019.8,969.851
2025-01-10 15:20:00,1227,1113,151,21.2,1019.8,958.963
2025-01-10 15:30:00,1219,1080,149,21.2,1019.7,961.291
2025-01-10 15:40:00,1144,1138,149,21.2,1019.8,962.235
2025-01-10 15:50:00,1204,1086,145,21.3,1019.8,960.957
2025-01-10 16:00:00,1238,1140,122,21.4,1019.8,958.377
2025-01-10 16:10:00,1217,1041,130,21.4,1019.8,960.963
2025-01-10 16:20:00,1221,1087,140,21.4,1019.8,963.421
2025-01-10 16:30:00,1159,1086,166,21.4,1019.9,961.489
2025-01-10 16:40:00,1189,1109,142,21.5,1020.0,957.652
2025-01-10 16:50:00,1182,1088,127,21.6,1020.2,967.064
2025-01-10 17:00:00,1254,1101,127,21.6,1020.2,964.394
2025-01-10 17:10:00,1206,1088,132,21.8,1020.2,960.696
2025-01-10 17:20:00,1215,1082,155,22.1,1020.3,971.997
2025-01-10 17:30:00,1165,1056,124,22.2,1020.5,956.747
2025-01-10 17:40:00,1165,1064,133,22.3,1020.7,968.376
2025-01-10 17:50:00,1140,1105,114,22.4,1020.8,952.064
2025-01-10 18:00:00,1172,1073,127,22.5,1020.8,974.250
2025-01-10 18:10:00,1148,1113,128,22.4,1021.0,954.661
2025-01-10 18:20:00,1171,1040,141,22.3,1021.0,968.912
2025-01-10 18:30:00,1255,1137,154,22.0,1021.2,961.427
2025-01-10 18:40:00,1220,1126,145,21.8,1021.2,955.580
2025-01-10 18:50:00,1182,1093,160,21.6,1021.5,966.255
2025-01-10 19:00:00,1280,1109,153,21.4,1021.5,960.793
2025-01-10 19:10:00,1257,1115,121,21.1,1021.6,955.268
2025-01-10 19:20:00,1245,1083,121,21.0,1021.6,967.069
2025-01-10 19:30:00,1222,1159,141,20.9,1021.5,962.528
2025-01-10 19:40:00,1252,1085,155,20.7,1021.5,956.801
2025-01-10 19:50:00,1224,1125,148,20.6,1021.5,961.877
2025-01-10 20:00:00,1252,1058,127,20.5,1021.6,959.708
2025-01-10 20:10:00,1114,1071,118,20.4,1021.6,959.614
2025-01-10 20:20:00,1245,1109,147,20.4,1021.8,961.763
2025-01-10 20:30:00,1216,1120,152,20.4,1021.8,956.864
2025-01-10 20:40:00,1195,1062,140,20.4,1022.0,957.216
2025-01-10 20:50:00,1260,1066,123,20.3,1022.0,957.850
2025-01-10 21:00:00,1190,1084,122,20.2,1022.1,960.508
2025-01-10 21:10:00,1243,1169,141,20.2,1022.1,960.935
2025-01-10 21:20:00,1246,1119,134,20.2,1022.2,949.563
2025-01-10 21:30:00,1206,1113,124,20.2,1022.2,955.293
2025-01-10 21:40:00,1244,1094,149,20.2,1022.3,960.082
2025-01-10 21:50:00,1214,1083,149,20.2,1022.3,955.691
2025-01-10 22:00:00,1215,1089,136,20.1,1022.5,962.911
2025-01-10 22:10:00,1299,1126,176,20.1,1022.5,961.771
2025-01-10 22:20:00,1202,1084,134,19.9,1022.7,960.600
2025-01-10 22:30:00,1146,1143,131,19.9,1022.7,966.000
2025-01-10 22:40:00,1209,1160,142,19.7,1022.8,961.207
2025-01-10 22:50:00,1268,1058,141,19.6,1022.9,970.019
2025-01-10 23:00:00,1208,1113,133,19.5,1023.0,945.515
2025-01-10 23:10:00,1243,1047,136,19.4,1023.0,959.421
2025-01-10 23:20:00,1263,1140,159,19.2,1023.0,961.527
2025-01-10 23:30:00,1262,1146,138,19.1,1023.0,963.927
2025-01-10 23:40:00,1219,1089,140,18.9,1023.0,941.296
2025-01-10 23:50:00,1224,1092,139,18.9,1023.2,955.535
2025-01-11 00:00:00,1252,1104,149,18.7,1023.2,957.534
2025-01-11 00:10:00,1136,1052,132,18.6,1023.3,955.253
2025-01-11 00:20:00,1237,1089,145,18.4,1023.4,959.347
2025-01-11 00:30:00,1240,1113,158,18.4,1023.4,960.086
2025-01-11 00:40:00,1226,1087,122,18.2,1023.5,951.607
2025-01-11 00:50:00,1090,1173,132,18.1,1023.5,960.940
2025-01-11 01:00:00,1175,1184,128,18.0,1023.7,961.617
2025-01-11 01:10:00,1252,1090,141,17.9,1023.8,951.984
2025-01-11 01:20:00,1181,1048,129,17.8,1023.8,957.369
2025-01-11 01:30:00,1179,1058,119,17.7,1024.0,964.510
2025-01-11 01:40:00,1153,1101,122,17.6,1024.1,957.435
2025-01-11 01:50:00,1151,1083,128,17.5,1024.2,953.814
2025-01-11 02:00:00,1258,1144,144,17.4,1024.2,956.327
2025-01-11 02:10:00,1190,1057,127,17.4,1024.2,958.942
2025-01-11 02:20:00,1230,1047,127,17.2,1024.2,953.606
2025-01-11 02:30:00,1195,1081,133,17.1,1024.4,959.809
2025-01-11 02:40:00,1198,1112,132,17.1,1024.5,952.192
2025-01-11 02:50:00,1236,1076,130,17.0,1024.6,960.926
2025-01-11 03:00:00,1218,1081,152,16.9,1024.8,952.515
2025-01-11 03:10:00,1162,1079,141,16.9,1024.8,977.110
2025-01-11 03:20:00,1217,1058,131,16.8,1024.9,967.156
2025-01-11 03:30:00,1192,1034,134,16.7,1024.9,956.325
2025-01-11 03:40:00,1201,1099,157,16.6,1025.0,970.124
2025-01-11 03:50:00,1179,1146,154,16.6,1024.9,963.496
2025-01-11 04:00:00,1219,1114,139,16.5,1025.0,953.782
2025-01-11 04:10:00,1180,1068,149,16.4,1025.1,962.724
2025-01-11 04:20:00,1250,1086,129,16.4,1025.1,975.251
2025-01-11 04:30:00,1195,1081,137,16.3,1025.1,964.254
2025-01-11 04:40:00,1164,1040,160,16.2,1025.2,956.033
2025-01-11 04:50:00,1185,1067,136,16.2,1025.2,956.311
2025-01-11 05:00:00,1162,1008,117,16.1,1025.3,970.930
2025-01-11 05:10:00,1182,1100,133,16.1,1025.4,973.745
2025-01-11 05:20:00,1228,1079,135,16.0,1025.5,966.726
2025-01-11 05:30:00,1116,1094,121,15.9,1025.4,956.886
2025-01-11 05:40:00,1193,1082,124,15.9,1025.5,973.956
2025-01-11 05:50:00,1172,1069,127,15.8,1025.6,960.477
2025-01-11 06:00:00,1176,1084,130,15.7,1025.6,960.501
2025-01-11 06:10:00,1187,1023,131,15.7,1025.8,966.051
2025-01-11 06:20:00,1203,1132,126,15.6,1025.9,972.477
2025-01-11 06:30:00,1194,1098,134,15.6,1026.2,962.019
2025-01-11 06:40:00,1187,1144,146,15.5,1026.2,969.787
2025-01-11 06:50:00,1198,1033,126,15.4,1026.3,970.615
2025-01-11 07:00:00,1218,1143,146,15.4,1026.5,972.466
2025-01-11 07:10:00,1231,1086,122,15.6,1026.7,961.797
2025-01-11 07:20:00,1205,1130,132,15.8,1026.7,962.072
2025-01-11 07:30:00,1184,1152,123,15.9,1026.8,967.104
2025-01-11 07:40:00,1177,1087,128,16.1,1027.0,946.356
2025-01-11 07:50:00,1255,1121,141,16.5,1027.2,958.700
2025-01-11 08:00:00,1195,1038,122,16.9,1027.4,964.968
2025-01-11 08:10:00,1212,1099,133,17.3,1027.5,963.055
2025-01-11 08:20:00,1214,1070,126,17.6,1027.6,958.386
2025-01-11 08:30:00,1265,1137,174,18.0,1027.7,960.190
2025-01-11 08:40:00,1216,1110,140,18.4,1027.8,960.945
2025-01-11 08:50:00,1180,1060,130,18.6,1027.9,970.337
2025-01-11 09:00:00,1229,1086,135,18.9,1027.9,962.015
2025-01-11 09:10:00,1221,1119,131,19.1,1028.0,952.541
2025-01-11 09:20:00,1276,1085,140,19.2,1028.2,968.728
2025-01-11 09:30:00,1190,1051,130,19.3,1028.3,960.297
2025-01-11 09:40:00,1204,1059,140,19.4,1028.5,964.698
2025-01-11 09:50:00,1200,1114,148,19.4,1028.8,970.163
2025-01-11 10:00:00,1201,1062,152,19.4,1028.8,967.632
2025-01-11 10:10:00,1241,1134,139,19.4,1029.0,973.977
2025-01-11 10:20:00,1238,1094,129,19.2,1029.0,958.740
2025-01-11 10:30:00,1154,1157,155,19.1,1029.2,960.338
2025-01-11 10:40:00,1205,1090,121,18.9,1029.4,973.186
2025-01-11 10:50:00,1175,1050,135,18.8,1029.5,967.557
2025-01-11 11:00:00,1201,1075,135,18.9,1029.5,976.066
2025-01-11 11:10:00,1111,1076,142,19.5,1029.5,961.233
2025-01-11 11:20:00,1221,1093,166,20.1,1029.5,955.016
2025-01-11 11:30:00,1163,1058,124,20.5,1029.6,969.925
2025-01-11 11:40:00,1187,1129,170,20.9,1029.6,977.261
2025-01-11 11:50:00,1216,1092,134,21.1,1029.5,953.652
2025-01-11 12:00:00,1193,1097,143,21.4,1029.5,967.533
2025-01-11 12:10:00,1242,1085,129,21.6,1029.5,968.315
2025-01-11 12:20:00,1197,1128,140,21.6,1029.5,965.804
2025-01-11 12:30:00,1242,1042,156,21.7,1029.5,961.741
2025-01-11 12:40:00,1176,1075,144,21.9,1029.5,959.768
2025-01-11 12:50:00,1199,1139,151,21.9,1029.6,962.598
2025-01-11 13:00:00,1184,1086,133,22.1,1029.7,962.733
2025-01-11 13:10:00,1173,1047,126,22.2,1029.5,964.423
2025-01-11 13:20:00,1175,1141,151,22.2,1029.7,951.515
2025-01-11 13:30:00,1190,1070,126,22.3,1029.7,973.070
2025-01-11 13:40:00,1233,1078,144,22.3,1029.8,970.378
2025-01-11 13:50:00,1240,1082,139,22.2,1029.9,961.803
2025-01-11 14:00:00,1139,1041,135,22.2,1029.9,961.446
2025-01-11 14:10:00,1245,1126,159,22.1,1029.9,957.598
2025-01-11 14:20:00,1177,1080,135,22.1,1029.9,975.243
2025-01-11 14:30:00,1202,1098,125,22.3,1030.0,965.627
2025-01-11 14:40:00,1166,1069,138,22.3,1030.0,965.527
2025-01-11 14:50:00,1142,1143,133,22.4,1030.0,959.926
2025-01-11 15:00:00,1188,1079,133,22.6,1030.1,962.536
2025-01-11 15:10:00,1253,1058,172,22.7,1030.2,954.917
2025-01-11 15:20:00,1200,1094,149,22.8,1030.3,962.728
2025-01-11 15:30:00,1202,1113,140,22.8,1030.5,960.069
2025-01-11 15:40:00,1234,1123,144,22.6,1030.7,958.540
2025-01-11 15:50:00,1167,1042,133,22.4,1030.9,958.418
2025-01-11 16:00:00,1254,1151,153,22.4,1030.9,956.959
2025-01-11 16:10:00,1244,1137,135,22.4,1031.1,968.509
2025-01-11 16:20:00,1203,1020,122,22.2,1031.2,956.611
2025-01-11 16:30:00,1231,1109,113,22.1,1031.2,971.860
2025-01-11 16:40:00,1168,1092,141,22.0,1031.4,953.392
2025-01-11 16:50:00,1208,1079,138,21.9,1031.7,974.047
2025-01-11 17:00:00,1179,1037,124,21.9,1031.7,971.521
2025-01-11 17:10:00,1211,1096,136,21.8,1031.8,973.400
2025-01-11 17:20:00,1229,1112,155,21.8,1032.0,963.261
2025-01-11 17:30:00,1201,989,114,21.8,1032.1,953.288
2025-01-11 17:40:00,1091,988,106,21.7,1032.2,964.649
2025-01-11 17:50:00,1256,1092,155,21.6,1032.5,959.326
2025-01-11 18:00:00,1209,1072,140,21.5,1032.6,952.629
2025-01-11 18:10:00,1186,1003,146,21.4,1032.7,969.505
2025-01-11 18:20:00,1169,1047,134,21.3,1032.8,954.837
2025-01-11 18:30:00,1238,1056,176,21.2,1032.8,967.631
2025-01-11 18:40:00,1204,1124,137,21.1,1033.0,958.070
2025-01-11 18:50:00,1196,1115,151,21.1,1033.0,965.705
2025-01-11 19:00:00,1219,1047,171,21.2,1033.1,971.539
2025-01-11 19:10:00,1122,1062,134,21.4,1033.2,960.259
2025-01-11 19:20:00,1209,1099,132,21.3,1033.2,967.428
2025-01-11 19:30:00,1153,1069,121,21.2,1033.3,962.087
2025-01-11 19:40:00,1172,1044,116,21.1,1033.5,961.103
2025-01-11 19:50:00,1127,1067,124,21.0,1033.7,959.268
2025-01-11 20:00:00,1221,1074,135,20.9,1033.8,957.004
2025-01-11 20:10:00,1150,1056,153,20.9,1033.9,972.519
2025-01-11 20:20:00,1216,1075,143,20.8,1034.0,958.724
2025-01-11 20:30:00,1254,1054,109,20.8,1034.0,974.266
2025-01-11 20:40:00,1185,1095,148,20.7,1034.1,950.931
2025-01-11 20:50:00,1185,1065,136,20.7,1034.2,971.144
2025-01-11 21:00:00,1192,1033,142,20.6,1034.3,963.881
2025-01-11 21:10:00,1210,1098,135,20.6,1034.5,954.385
2025-01-11 21:20:00,1272,1067,136,20.6,1034.7,973.391
2025-01-11 21:30:00,1140,1092,116,20.5,1034.8,952.961
2025-01-11 21:40:00,1115,1047,137,20.5,1035.0,965.134
2025-01-11 21:50:00,1138,1072,125,20.5,1035.2,956.015
2025-01-11 22:00:00,1143,1040,128,20.4,1035.2,962.513
2025-01-11 22:10:00,1112,1060,126,20.4,1035.4,949.091
2025-01-11 22:20:00,1148,1060,132,20.3,1035.4,958.382
2025-01-11 22:30:00,1175,1084,148,20.2,1035.4,949.890
2025-01-11 22:40:00,1206,1053,136,20.1,1035.4,954.553
2025-01-11 22:50:00,1152,1090,127,20.0,1035.3,962.546
2025-01-11 23:00:00,1160,1073,121,19.9,1035.2,960.053
2025-01-11 23:10:00,1199,1064,122,19.8,1035.2,971.041
2025-01-11 23:20:00,1185,1102,145,19.7,1035.2,957.685
2025-01-11 23:30:00,1151,1089,149,19.6,1035.2,952.678
2025-01-11 23:40:00,1145,1007,133,19.4,1035.0,962.511
2025-01-11 23:50:00,1167,1024,126,19.4,1034.7,972.872
