2025-01-10 00:00:00,1244,1096,147,19.4,1016.6,952.582
2025-01-10 00:10:00,1149,1069,133,19.4,1016.5,941.593
2025-01-10 00:20:00,1130,1094,131,19.3,1016.5,954.629
2025-01-10 00:30:00,1212,1062,139,19.2,1016.6,950.961
2025-01-10 00:40:00,1234,1063,130,19.1,1016.5,951.637
2025-01-10 00:50:00,1245,1040,142,19.0,1016.7,941.157
2025-01-10 01:00:00,1158,1089,133,18.9,1016.7,944.457
2025-01-10 01:10:00,1159,1126,131,18.9,1016.7,948.121
2025-01-10 01:20:00,1242,1148,130,18.8,1016.7,951.375
2025-01-10 01:30:00,1176,1082,136,18.7,1016.8,943.557
2025-01-10 01:40:00,1183,1101,119,18.6,1016.8,946.654
2025-01-10 01:50:00,1179,1055,138,18.6,1016.9,951.656
2025-01-10 02:00:00,1140,1104,150,18.5,1016.8,957.232
2025-01-10 02:10:00,1226,1001,130,18.4,1016.8,962.845
2025-01-10 02:20:00,1219,1070,155,18.3,1016.9,954.204
2025-01-10 02:30:00,1155,1100,132,18.2,1016.8,958.629
2025-01-10 02:40:00,1177,1046,126,18.2,1017.0,953.915
2025-01-10 02:50:00,1220,1073,151,18.1,1017.0,951.093
2025-01-10 03:00:00,1144,1124,150,18.1,1017.0,949.075
2025-01-10 03:10:00,1174,1084,145,18.0,1017.0,947.099
2025-01-10 03:20:00,1230,1065,144,17.9,1017.0,958.016
2025-01-10 03:30:00,1116,1059,132,17.9,1017.2,954.200
2025-01-10 03:40:00,1180,1113,158,17.8,1017.3,949.853
2025-01-10 03:50:00,1192,1074,142,17.7,1017.2,941.598
2025-01-10 04:00:00,1206,1096,165,17.7,1017.2,950.983
2025-01-10 04:10:00,1152,1069,132,17.6,1017.2,955.306
2025-01-10 04:20:00,1199,1162,131,17.6,1017.2,968.168
2025-01-10 04:30:00,1197,1104,138,17.5,1017.0,943.646
2025-01-10 04:40:00,1174,1043,134,17.4,1016.8,952.097
2025-01-10 04:50:00,1206,1134,150,17.4,1016.8,957.106
2025-01-10 05:00:00,1167,1119,120,17.3,1016.7,960.421
2025-01-10 05:10:00,1116,1054,117,17.2,1016.6,949.077
2025-01-10 05:20:00,1165,1003,132,17.1,1016.7,949.235
2025-01-10 05:30:00,1131,1060,130,17.1,1016.8,950.600
2025-01-10 05:40:00,1189,1110,171,17.1,1016.8,945.289
2025-01-10 05:50:00,1210,1057,128,17.0,1016.8,952.483
2025-01-10 06:00:00,1216,1127,146,16.9,1016.7,950.884
2025-01-10 06:10:00,1187,1105,145,16.9,1016.8,966.955
2025-01-10 06:20:00,1209,1063,133,16.8,1016.8,962.630
2025-01-10 06:30:00,1173,1075,134,16.8,1017.1,966.918
2025-01-10 06:40:00,1214,1092,148,16.7,1017.2,948.176
2025-01-10 06:50:00,1195,1084,142,16.6,1017.3,947.183
2025-01-10 07:00:00,1256,1127,144,16.6,1017.4,953.361
2025-01-10 07:10:00,1151,997,126,16.6,1017.3,952.893
2025-01-10 07:20:00,1165,1074,148,16.7,1017.4,956.954
2025-01-10 07:30:00,1157,1013,127,16.9,1017.7,958.412
2025-01-10 07:40:00,1192,1071,144,17.1,1017.8,962.423
2025-01-10 07:50:00,1136,1052,131,17.3,1018.0,957.207
2025-01-10 08:00:00,1203,1110,154,17.6,1018.0,955.719
2025-01-10 08:10:00,1180,1084,141,17.8,1018.3,941.119
2025-01-10 08:20:00,1144,1071,131,17.8,1018.3,954.310
2025-01-10 08:30:00,1186,1087,134,17.9,1018.3,951.889
2025-01-10 08:40:00,1162,1137,139,17.9,1018.4,956.672
2025-01-10 08:50:00,1191,1098,129,17.9,1018.3,954.103
2025-01-10 09:00:00,1110,1057,136,17.8,1018.3,960.402
2025-01-10 09:10:00,1198,1152,155,17.9,1018.3,954.737
2025-01-10 09:20:00,1208,1077,153,18.1,1018.2,963.818
2025-01-10 09:30:00,1207,1118,146,18.4,1018.3,953.437
2025-01-10 09:40:00,1182,1111,158,18.7,1018.2,964.874
2025-01-10 09:50:00,1200,1120,136,18.9,1018.5,956.122
2025-01-10 10:00:00,1138,1081,138,19.2,1018.5,957.444
2025-01-10 10:10:00,1134,1076,155,19.4,1018.5,953.439
2025-01-10 10:20:00,1229,1110,161,19.5,1018.5,955.966
2025-01-10 10:30:00,1188,1083,154,19.6,1018.5,946.247
2025-01-10 10:40:00,1217,1096,142,19.6,1018.7,960.290
2025-01-10 10:50:00,1191,1048,128,19.7,1018.7,958.217
2025-01-10 11:00:00,1187,1088,138,19.7,1018.6,948.337
2025-01-10 11:10:00,1194,1067,147,19.8,1018.6,962.158
2025-01-10 11:20:00,1173,1087,151,19.8,1018.6,967.083
2025-01-10 11:30:00,1208,1098,162,19.9,1018.7,954.825
2025-01-10 11:40:00,1195,1031,142,19.9,1018.7,961.571
2025-01-10 11:50:00,1213,1051,128,19.9,1018.8,969.019
2025-01-10 12:00:00,1290,1151,161,20.0,1018.8,956.165
2025-01-10 12:10:00,1204,1088,144,20.1,1018.9,955.209
2025-01-10 12:20:00,1210,1046,145,20.1,1019.0,964.892
2025-01-10 12:30:00,1158,1129,131,20.1,1019.1,946.980
2025-01-10 12:40:00,1211,1145,153,20.2,1019.1,958.767
2025-01-10 12:50:00,1208,1045,142,20.2,1019.1,951.627
2025-01-10 13:00:00,1239,1089,143,20.3,1019.1,954.646
2025-01-10 13:10:00,1182,1117,142,20.3,1019.2,965.843
2025-01-10 13:20:00,1188,1143,155,20.4,1019.2,966.842
2025-01-10 13:30:00,1191,1138,153,20.4,1019.2,944.345
2025-01-10 13:40:00,1155,1026,138,20.4,1019.3,964.847
2025-01-10 13:50:00,1178,1097,111,20.5,1019.5,962.776
2025-01-10 14:00:00,1182,1043,133,20.6,1019.5,968.114
2025-01-10 14:10:00,1198,1067,134,20.6,1019.5,964.467
2025-01-10 14:20:00,1195,1102,123,20.6,1019.5,967.162
2025-01-10 14:30:00,1168,1087,148,20.6,1019.7,966.144
2025-01-10 14:40:00,1195,1048,127,20.7,1019.6,958.004
2025-01-10 14:50:00,1191,1105,133,20.7,1019.6,961.636
2025-01-10 15:00:00,1205,1103,125,20.8,1019.6,953.237
2025-01-10 15:10:00,1161,1086,140,20.9,1019.8,969.851
2025-01-10 15:20:00,1227,1113,151,21.2,1019.8,958.963
2025-01-10 15:30:00,1219,1080,149,21.2,1019.7,961.291
2025-01-10 15:40:00,1144,1138,149,21.2,1019.8,962.235
2025-01-10 15:50:00,1204,1086,145,21.3,1019.8,960.957
2025-01-10 16:00:00,1238,1140,122,21.4,1019.8,958.377
2025-01-10 16:10:00,1217,1041,130,21.4,1019.8,960.963
2025-01-10 16:20:00,1221,1087,140,21.4,1019.8,963.421
2025-01-10 16:30:00,1159,1086,166,21.4,1019.9,961.489
2025-01-10 16:40:00,1189,1109,142,21.5,1020.0,957.652
2025-01-10 16:50:00,1182,1088,127,21.6,1020.2,967.064
2025-01-10 17:00:00,1254,1101,127,21.6,1020.2,964.394
2025-01-10 17:10:00,1206,1088,132,21.8,1020.2,960.696
2025-01-10 17:20:00,1215,1082,155,22.1,1020.3,971.997
2025-01-10 17:30:00,1165,1056,124,22.2,1020.5,956.747
2025-01-10 17:40:00,1165,1064,133,22.3,1020.7,968.376
2025-01-10 17:50:00,1140,1105,114,22.4,1020.8,952.064
2025-01-10 18:00:00,1172,1073,127,22.5,1020.8,974.250
2025-01-10 18:10:00,1148,1113,128,22.4,1021.0,954.661
2025-01-10 18:20:00,1171,1040,141,22.3,1021.0,968.912
2025-01-10 18:30:00,1255,1137,154,22.0,1021.2,961.427
2025-01-10 18:40:00,1220,1126,145,21.8,1021.2,955.580
2025-01-10 18:50:00,1182,1093,160,21.6,1021.5,966.255
2025-01-10 19:00:00,1280,1109,153,21.4,1021.5,960.793
2025-01-10 19:10:00,1257,1115,121,21.1,1021.6,955.268
2025-01-10 19:20:00,1245,1083,121,21.0,1021.6,967.069
2025-01-10 19:30:00,1222,1159,141,20.9,1021.5,962.528
2025-01-10 19:40:00,1252,1085,155,20.7,1021.5,956.801
2025-01-10 19:50:00,1224,1125,148,20.6,1021.5,961.877
2025-01-10 20:00:00,1252,1058,127,20.5,1021.6,959.708
2025-01-10 20:10:00,1114,1071,118,20.4,1021.6,959.614
2025-01-10 20:20:00,1245,1109,147,20.4,1021.8,961.763
2025-01-10 20:30:00,1216,1120,152,20.4,1021.8,956.864
2025-01-10 20:40:00,1195,1062,140,20.4,1022.0,957.216
2025-01-10 20:50:00,1260,1066,123,20.3,1022.0,957.850
2025-01-10 21:00:00,1190,1084,122,20.2,1022.1,960.508
2025-01-10 21:10:00,1243,1169,141,20.2,1022.1,960.935
2025-01-10 21:20:00,1246,1119,134,20.2,1022.2,949.563
2025-01-10 21:30:00,1206,1113,124,20.2,1022.2,955.293
2025-01-10 21:40:00,1244,1094,149,20.2,1022.3,960.082
2025-01-10 21:50:00,1214,1083,149,20.2,1022.3,955.691
2025-01-10 22:00:00,1215,1089,136,20.1,1022.5,962.911
2025-01-10 22:10:00,1299,1126,176,20.1,1022.5,961.771
2025-01-10 22:20:00,1202,1084,134,19.9,1022.7,960.600
2025-01-10 22:30:00,1146,1143,131,19.9,1022.7,966.000
2025-01-10 22:40:00,1209,1160,142,19.7,1022.8,961.207
2025-01-10 22:50:00,1268,1058,141,19.6,1022.9,970.019
2025-01-10 23:00:00,1208,1113,133,19.5,1023.0,945.515
2025-01-10 23:10:00,1243,1047,136,19.4,1023.0,959.421
2025-01-10 23:20:00,1263,1140,159,19.2,1023.0,961.527
2025-01-10 23:30:00,1262,1146,138,19.1,1023.0,963.927
2025-01-10 23:40:00,1219,1089,140,18.9,1023.0,941.296
2025-01-10 23:50:00,1224,1092,139,18.9,1023.2,955.535
2025-01-11 00:00:00,1252,1104,149,18.7,1023.2,957.534
2025-01-11 00:10:00,1136,1052,132,18.6,1023.3,955.253
2025-01-11 00:20:00,1237,1089,145,18.4,1023.4,959.347
2025-01-11 00:30:00,1240,1113,158,18.4,1023.4,960.086
2025-01-11 00:40:00,1226,1087,122,18.2,1023.5,951.607
2025-01-11 00:50:00,1090,1173,132,18.1,1023.5,960.940
2025-01-11 01:00:00,1175,1184,128,18.0,1023.7,961.617
2025-01-11 01:10:00,1252,1090,141,17.9,1023.8,951.984
2025-01-11 01:20:00,1181,1048,129,17.8,1023.8,957.369
2025-01-11 01:30:00,1179,1058,119,17.7,1024.0,964.510
2025-01-11 01:40:00,1153,1101,122,17.6,1024.1,957.435
2025-01-11 01:50:00,1151,1083,128,17.5,1024.2,953.814
2025-01-11 02:00:00,1258,1144,144,17.4,1024.2,956.327
2025-01-11 02:10:00,1190,1057,127,17.4,1024.2,958.942
2025-01-11 02:20:00,1230,1047,127,17.2,1024.2,953.606
2025-01-11 02:30:00,1195,1081,133,17.1,1024.4,959.809
2025-01-11 02:40:00,1198,1112,132,17.1,1024.5,952.192
2025-01-11 02:50:00,1236,1076,130,17.0,1024.6,960.926
2025-01-11 03:00:00,1218,1081,152,16.9,1024.8,952.515
2025-01-11 03:10:00,1162,1079,141,16.9,1024.8,977.110
2025-01-11 03:20:00,1217,1058,131,16.8,1024.9,967.156
2025-01-11 03:30:00,1192,1034,134,16.7,1024.9,956.325
2025-01-11 03:40:00,1201,1099,157,16.6,1025.0,970.124
2025-01-11 03:50:00,1179,1146,154,16.6,1024.9,963.496
2025-01-11 04:00:00,1219,1114,139,16.5,1025.0,953.782
2025-01-11 04:10:00,1180,1068,149,16.4,1025.1,962.724
2025-01-11 04:20:00,1250,1086,129,16.4,1025.1,975.251
2025-01-11 04:30:00,1195,1081,137,16.3,1025.1,964.254
2025-01-11 04:40:00,1164,1040,160,16.2,1025.2,956.033
2025-01-11 04:50:00,1185,1067,136,16.2,1025.2,956.311
2025-01-11 05:00:00,1162,1008,117,16.1,1025.3,970.930
2025-01-11 05:10:00,1182,1100,133,16.1,1025.4,973.745
2025-01-11 05:20:00,1228,1079,135,16.0,1025.5,966.726
2025-01-11 05:30:00,1116,1094,121,15.9,1025.4,956.886
2025-01-11 05:40:00,1193,1082,124,15.9,1025.5,973.956
2025-01-11 05:50:00,1172,1069,127,15.8,1025.6,960.477
2025-01-11 06:00:00,1176,1084,130,15.7,1025.6,960.501
2025-01-11 06:10:00,1187,1023,131,15.7,1025.8,966.051
2025-01-11 06:20:00,1203,1132,126,15.6,1025.9,972.477
2025-01-11 06:30:00,1194,1098,134,15.6,1026.2,962.019
2025-01-11 06:40:00,1187,1144,146,15.5,1026.2,969.787
2025-01-11 06:50:00,1198,1033,126,15.4,1026.3,970.615
2025-01-11 07:00:00,1218,1143,146,15.4,1026.5,972.466
2025-01-11 07:10:00,1231,1086,122,15.6,1026.7,961.797
2025-01-11 07:20:00,1205,1130,132,15.8,1026.7,962.072
2025-01-11 07:30:00,1184,1152,123,15.9,1026.8,967.104
2025-01-11 07:40:00,1177,1087,128,16.1,1027.0,946.356
2025-01-11 07:50:00,1255,1121,141,16.5,1027.2,958.700
2025-01-11 08:00:00,1195,1038,122,16.9,1027.4,964.968
2025-01-11 08:10:00,1212,1099,133,17.3,1027.5,963.055
2025-01-11 08:20:00,1214,1070,126,17.6,1027.6,958.386
2025-01-11 08:30:00,1265,1137,174,18.0,1027.7,960.190
2025-01-11 08:40:00,1216,1110,140,18.4,1027.8,960.945
2025-01-11 08:50:00,1180,1060,130,18.6,1027.9,970.337
2025-01-11 09:00:00,1229,1086,135,18.9,1027.9,962.015
2025-01-11 09:10:00,1221,1119,131,19.1,1028.0,952.541
2025-01-11 09:20:00,1276,1085,140,19.2,1028.2,968.728
2025-01-11 09:30:00,1190,1051,130,19.3,1028.3,960.297
2025-01-11 09:40:00,1204,1059,140,19.4,1028.5,964.698
2025-01-11 09:50:00,1200,1114,148,19.4,1028.8,970.163
2025-01-11 10:00:00,1201,1062,152,19.4,1028.8,967.632
2025-01-11 10:10:00,1241,1134,139,19.4,1029.0,973.977
2025-01-11 10:20:00,1238,1094,129,19.2,1029.0,958.740
2025-01-11 10:30:00,1154,1157,155,19.1,1029.2,960.338
2025-01-11 10:40:00,1205,1090,121,18.9,1029.4,973.186
2025-01-11 10:50:00,1175,1050,135,18.8,1029.5,967.557
2025-01-11 11:00:00,1201,1075,135,18.9,1029.5,976.066
2025-01-11 11:10:00,1111,1076,142,19.5,1029.5,961.233
2025-01-11 11:20:00,1221,1093,166,20.1,1029.5,955.016
2025-01-11 11:30:00,1163,1058,124,20.5,1029.6,969.925
2025-01-11 11:40:00,1187,1129,170,20.9,1029.6,977.261
2025-01-11 11:50:00,1216,1092,134,21.1,1029.5,953.652
2025-01-11 12:00:00,1193,1097,143,21.4,1029.5,967.533
2025-01-11 12:10:00,1242,1085,129,21.6,1029.5,968.315
2025-01-11 12:20:00,1197,1128,140,21.6,1029.5,965.804
2025-01-11 12:30:00,1242,1042,156,21.7,1029.5,961.741
2025-01-11 12:40:00,1176,1075,144,21.9,1029.5,959.768
2025-01-11 12:50:00,1199,1139,151,21.9,1029.6,962.598
2025-01-11 13:00:00,1184,1086,133,22.1,1029.7,962.733
2025-01-11 13:10:00,1173,1047,126,22.2,1029.5,964.423
2025-01-11 13:20:00,1175,1141,151,22.2,1029.7,951.515
2025-01-11 13:30:00,1190,1070,126,22.3,1029.7,973.070
2025-01-11 13:40:00,1233,1078,144,22.3,1029.8,970.378
2025-01-11 13:50:00,1240,1082,139,22.2,1029.9,961.803
2025-01-11 14:00:00,1139,1041,135,22.2,1029.9,961.446
2025-01-11 14:10:00,1245,1126,159,22.1,1029.9,957.598
2025-01-11 14:20:00,1177,1080,135,22.1,1029.9,975.243
2025-01-11 14:30:00,1202,1098,125,22.3,1030.0,965.627
2025-01-11 14:40:00,1166,1069,138,22.3,1030.0,965.527
2025-01-11 14:50:00,1142,1143,133,22.4,1030.0,959.926
2025-01-11 15:00:00,1188,1079,133,22.6,1030.1,962.536
2025-01-11 15:10:00,1253,1058,172,22.7,1030.2,954.917
2025-01-11 15:20:00,1200,1094,149,22.8,1030.3,962.728
2025-01-11 15:30:00,1202,1113,140,22.8,1030.5,960.069
2025-01-11 15:40:00,1234,1123,144,22.6,1030.7,958.540
2025-01-11 15:50:00,1167,1042,133,22.4,1030.9,958.418
2025-01-11 16:00:00,1254,1151,153,22.4,1030.9,956.959
2025-01-11 16:10:00,1244,1137,135,22.4,1031.1,968.509
2025-01-11 16:20:00,1203,1020,122,22.2,1031.2,956.611
2025-01-11 16:30:00,1231,1109,113,22.1,1031.2,971.860
2025-01-11 16:40:00,1168,1092,141,22.0,1031.4,953.392
2025-01-11 16:50:00,1208,1079,138,21.9,1031.7,974.047
2025-01-11 17:00:00,1179,1037,124,21.9,1031.7,971.521
2025-01-11 17:10:00,1211,1096,136,21.8,1031.8,973.400
2025-01-11 17:20:00,1229,1112,155,21.8,1032.0,963.261
2025-01-11 17:30:00,1201,989,114,21.8,1032.1,953.288
2025-01-11 17:40:00,1091,988,106,21.7,1032.2,964.649
2025-01-11 17:50:00,1256,1092,155,21.6,1032.5,959.326
2025-01-11 18:00:00,1209,1072,140,21.5,1032.6,952.629
2025-01-11 18:10:00,1186,1003,146,21.4,1032.7,969.505
2025-01-11 18:20:00,1169,1047,134,21.3,1032.8,954.837
2025-01-11 18:30:00,1238,1056,176,21.2,1032.8,967.631
2025-01-11 18:40:00,1204,1124,137,21.1,1033.0,958.070
2025-01-11 18:50:00,1196,1115,151,21.1,1033.0,965.705
2025-01-11 19:00:00,1219,1047,171,21.2,1033.1,971.539
2025-01-11 19:10:00,1122,1062,134,21.4,1033.2,960.259
2025-01-11 19:20:00,1209,1099,132,21.3,1033.2,967.428
2025-01-11 19:30:00,1153,1069,121,21.2,1033.3,962.087
2025-01-11 19:40:00,1172,1044,116,21.1,1033.5,961.103
2025-01-11 19:50:00,1127,1067,124,21.0,1033.7,959.268
2025-01-11 20:00:00,1221,1074,135,20.9,1033.8,957.004
2025-01-11 20:10:00,1150,1056,153,20.9,1033.9,972.519
2025-01-11 20:20:00,1216,1075,143,20.8,1034.0,958.724
2025-01-11 20:30:00,1254,1054,109,20.8,1034.0,974.266
2025-01-11 20:40:00,1185,1095,148,20.7,1034.1,950.931
2025-01-11 20:50:00,1185,1065,136,20.7,1034.2,971.144
2025-01-11 21:00:00,1192,1033,142,20.6,1034.3,963.881
2025-01-11 21:10:00,1210,1098,135,20.6,1034.5,954.385
2025-01-11 21:20:00,1272,1067,136,20.6,1034.7,973.391
2025-01-11 21:30:00,1140,1092,116,20.5,1034.8,952.961
2025-01-11 21:40:00,1115,1047,137,20.5,1035.0,965.134
2025-01-11 21:50:00,1138,1072,125,20.5,1035.2,956.015
2025-01-11 22:00:00,1143,1040,128,20.4,1035.2,962.513
2025-01-11 22:10:00,1112,1060,126,20.4,1035.4,949.091
2025-01-11 22:20:00,1148,1060,132,20.3,1035.4,958.382
2025-01-11 22:30:00,1175,1084,148,20.2,1035.4,949.890
2025-01-11 22:40:00,1206,1053,136,20.1,1035.4,954.553
2025-01-11 22:50:00,1152,1090,127,20.0,1035.3,962.546
2025-01-11 23:00:00,1160,1073,121,19.9,1035.2,960.053
2025-01-11 23:10:00,1199,1064,122,19.8,1035.2,971.041
2025-01-11 23:20:00,1185,1102,145,19.7,1035.2,957.685
2025-01-11 23:30:00,1151,1089,149,19.6,1035.2,952.678
2025-01-11 23:40:00,1145,1007,133,19.4,1035.0,962.511
2025-01-11 23:50:00,1167,1024,126,19.4,1034.7,972.872
2025-01-12 00:00:00,1149,1062,124,19.3,1034.7,968.517
2025-01-12 00:10:00,1129,1102,125,19.2,1034.8,967.673
2025-01-12 00:20:00,1158,1088,159,19.1,1035.0,965.322
2025-01-12 00:30:00,1205,1058,137,19.0,1035.2,977.454
2025-01-12 00:40:00,1150,1016,123,18.9,1035.5,970.721
2025-01-12 00:50:00,1171,1071,133,18.9,1035.7,968.418
2025-01-12 01:00:00,1190,1102,130,18.8,1035.8,966.665
2025-01-12 01:10:00,1185,1051,145,18.6,1035.9,966.884
2025-01-12 01:20:00,1156,1115,134,18.6,1035.8,961.661
2025-01-12 01:30:00,1157,1045,132,18.5,1035.8,960.359
2025-01-12 01:40:00,1206,1140,157,18.4,1035.8,962.417
2025-01-12 01:50:00,1160,1043,134,18.3,1035.8,963.380
2025-01-12 02:00:00,1130,1083,126,18.2,1035.8,964.517
2025-01-12 02:10:00,1209,1066,149,18.1,1036.0,960.848
2025-01-12 02:20:00,1167,1073,146,18.1,1036.0,972.662
2025-01-12 02:30:00,1154,1121,161,18.0,1036.2,957.173
2025-01-12 02:40:00,1184,1065,138,17.9,1036.3,961.020
2025-01-12 02:50:00,1199,1087,137,17.8,1036.7,968.902
2025-01-12 03:00:00,1094,1049,121,17.8,1036.8,960.180
2025-01-12 03:10:00,1167,1071,105,17.6,1036.9,957.112
2025-01-12 03:20:00,1255,1090,123,17.6,1037.2,957.977
2025-01-12 03:30:00,1145,1090,132,17.5,1037.2,964.301
2025-01-12 03:40:00,1145,1087,132,17.4,1037.0,964.536
2025-01-12 03:50:00,1204,1041,123,17.4,1037.0,965.109
2025-01-12 04:00:00,1208,1053,134,17.3,1037.0,956.790
2025-01-12 04:10:00,1113,1084,108,17.2,1037.0,961.386
2025-01-12 04:20:00,1166,1079,135,17.2,1037.0,953.049
2025-01-12 04:30:00,1200,1085,127,17.1,1036.8,959.649
2025-01-12 04:40:00,1174,1085,133,17.1,1036.9,955.703
2025-01-12 04:50:00,1106,1029,128,17.0,1036.9,954.869
2025-01-12 05:00:00,1209,1111,147,16.9,1037.0,961.255
2025-01-12 05:10:00,1189,1096,138,16.9,1037.2,962.683
2025-01-12 05:20:00,1171,1080,137,16.8,1037.2,971.471
2025-01-12 05:30:00,1133,1047,140,16.7,1037.2,940.771
2025-01-12 05:40:00,1204,1015,146,16.7,1037.4,955.875
2025-01-12 05:50:00,1161,1079,126,16.6,1037.4,976.075
2025-01-12 06:00:00,1223,1092,133,16.6,1037.5,955.702
2025-01-12 06:10:00,1104,1056,139,16.5,1037.5,965.676
2025-01-12 06:20:00,1184,1088,142,16.4,1037.6,954.283
2025-01-12 06:30:00,1165,1072,139,16.4,1037.8,959.411
2025-01-12 06:40:00,1171,992,133,16.3,1038.0,953.611
2025-01-12 06:50:00,1077,1036,116,16.2,1038.2,955.895
2025-01-12 07:00:00,1196,1051,134,16.2,1038.3,964.230
2025-01-12 07:10:00,1157,1004,127,16.2,1038.5,967.317
2025-01-12 07:20:00,1116,1069,137,16.4,1038.7,982.917
2025-01-12 07:30:00,1206,1092,155,16.6,1038.8,969.054
2025-01-12 07:40:00,1183,1080,124,16.9,1039.0,954.317
2025-01-12 07:50:00,1128,1110,132,17.1,1039.0,964.449
2025-01-12 08:00:00,1118,1070,132,17.4,1039.0,956.679
2025-01-12 08:10:00,1139,1078,119,17.8,1039.2,973.993
2025-01-12 08:20:00,1174,1028,145,18.1,1039.1,959.914
2025-01-12 08:30:00,1173,1126,144,18.5,1039.2,971.540
2025-01-12 08:40:00,1196,1034,144,18.9,1039.3,964.123
2025-01-12 08:50:00,1122,1079,118,19.2,1039.2,964.040
2025-01-12 09:00:00,1150,994,120,19.4,1039.3,961.546
2025-01-12 09:10:00,1179,1063,145,19.4,1039.3,958.092
2025-01-12 09:20:00,1161,1062,130,19.5,1039.3,970.479
2025-01-12 09:30:00,1139,1132,152,19.5,1039.5,968.848
2025-01-12 09:40:00,1142,1074,134,19.6,1039.5,962.211
2025-01-12 09:50:00,1193,1086,161,19.6,1039.5,978.307
2025-01-12 10:00:00,1150,1050,139,19.6,1039.6,974.366
2025-01-12 10:10:00,1203,1093,135,19.6,1039.7,971.929
2025-01-12 10:20:00,1236,1040,138,19.4,1039.8,967.299
2025-01-12 10:30:00,1213,1072,147,19.2,1039.9,965.862
2025-01-12 10:40:00,1127,1047,129,19.2,1039.9,974.102
2025-01-12 10:50:00,1197,1070,128,19.2,1039.9,966.881
2025-01-12 11:00:00,1124,1050,138,19.5,1039.8,962.831
2025-01-12 11:10:00,1258,1079,155,19.7,1039.8,971.420
2025-01-12 11:20:00,1209,1040,125,19.8,1039.9,971.320
2025-01-12 11:30:00,1172,1129,130,19.8,1039.8,968.805
2025-01-12 11:40:00,1105,1075,117,19.8,1039.7,974.810
2025-01-12 11:50:00,1162,1143,158,19.8,1039.7,969.247
2025-01-12 12:00:00,1183,1069,143,19.8,1039.5,960.183
2025-01-12 12:10:00,1170,1062,143,19.8,1039.4,971.106
2025-01-12 12:20:00,1273,1104,142,19.9,1039.3,982.337
2025-01-12 12:30:00,1238,1044,119,19.9,1039.3,955.038
2025-01-12 12:40:00,1204,1046,148,20.1,1039.3,970.966
2025-01-12 12:50:00,1145,1056,117,20.1,1039.3,958.361
2025-01-12 13:00:00,1164,1074,127,20.1,1039.3,971.160
2025-01-12 13:10:00,1213,1007,139,20.1,1039.2,965.532
2025-01-12 13:20:00,1148,1016,146,20.2,1039.2,971.888
2025-01-12 13:30:00,1248,1068,127,20.2,1039.2,969.215
2025-01-12 13:40:00,1186,1055,127,20.2,1039.2,968.128
2025-01-12 13:50:00,1193,1042,127,20.2,1039.2,966.338
2025-01-12 14:00:00,1145,1044,123,20.8,1039.3,971.937
2025-01-12 14:10:00,1160,1066,128,21.5,1039.3,966.258
2025-01-12 14:20:00,1212,1100,142,21.8,1039.3,972.654
2025-01-12 14:30:00,1196,1063,135,22.0,1039.4,952.342
2025-01-12 14:40:00,1160,1082,125,22.1,1039.4,971.155
2025-01-12 14:50:00,1202,1105,138,22.2,1039.4,964.309
2025-01-12 15:00:00,1167,1069,137,22.5,1039.4,952.000
2025-01-12 15:10:00,1231,1080,135,23.0,1039.3,965.419
2025-01-12 15:20:00,1237,1060,142,23.4,1039.5,972.279
2025-01-12 15:30:00,1163,1045,110,22.9,1039.7,967.387
2025-01-12 15:40:00,1216,1120,119,22.0,1039.6,959.558
2025-01-12 15:50:00,1217,1073,149,21.9,1039.6,974.502
2025-01-12 16:00:00,1186,1057,116,21.6,1039.6,969.555
2025-01-12 16:10:00,1209,1095,135,21.3,1039.5,971.479
2025-01-12 16:20:00,1178,1064,133,21.9,1039.4,967.348
2025-01-12 16:30:00,1196,1039,148,22.4,1039.5,968.658
2025-01-12 16:40:00,1241,1061,154,22.6,1039.6,969.230
2025-01-12 16:50:00,1202,1136,129,22.6,1039.8,968.983
2025-01-12 17:00:00,1150,1020,126,22.6,1039.8,966.099
2025-01-12 17:10:00,1140,1047,128,22.6,1039.9,968.364
2025-01-12 17:20:00,1134,1123,128,22.7,1040.0,970.483
2025-01-12 17:30:00,1178,1098,147,22.7,1040.1,971.702
2025-01-12 17:40:00,1158,1061,120,22.7,1040.1,966.389
2025-01-12 17:50:00,1196,1091,151,22.5,1040.2,960.293
2025-01-12 18:00:00,1145,1071,126,22.5,1040.2,960.301
2025-01-12 18:10:00,1207,1083,136,22.5,1040.3,969.892
2025-01-12 18:20:00,1169,1019,109,22.5,1040.4,945.459
2025-01-12 18:30:00,1182,1070,121,22.6,1040.3,960.286
2025-01-12 18:40:00,1255,1042,142,22.9,1040.4,960.153
2025-01-12 18:50:00,1265,1113,154,23.1,1040.4,957.994
2025-01-12 19:00:00,1206,1080,136,23.3,1040.3,958.899
2025-01-12 19:10:00,1287,1065,149,23.3,1040.3,954.689
2025-01-12 19:20:00,1218,1108,134,23.3,1040.4,958.795
2025-01-12 19:30:00,1118,1164,119,23.3,1040.3,965.547
2025-01-12 19:40:00,1215,1106,152,23.3,1040.2,952.225
2025-01-12 19:50:00,1256,1125,154,23.1,1040.2,963.475
2025-01-12 20:00:00,1236,1081,141,22.9,1040.2,963.670
2025-01-12 20:10:00,1223,1085,156,22.9,1040.0,960.325
2025-01-12 20:20:00,1203,1080,149,22.8,1040.1,947.871
2025-01-12 20:30:00,1204,1054,134,22.7,1040.1,960.176
2025-01-12 20:40:00,1177,1130,139,22.6,1040.0,960.323
2025-01-12 20:50:00,1205,1101,132,22.7,1040.2,957.438
2025-01-12 21:00:00,1222,1070,117,22.4,1040.2,966.325
2025-01-12 21:10:00,1173,1034,132,22.1,1040.2,953.568
2025-01-12 21:20:00,1180,1039,108,22.0,1040.3,945.804
2025-01-12 21:30:00,1200,1061,118,21.9,1040.4,954.835
2025-01-12 21:40:00,1136,1096,109,21.8,1040.5,960.695
2025-01-12 21:50:00,1181,1092,138,21.8,1040.5,963.527
2025-01-12 22:00:00,1176,1089,131,21.7,1040.6,946.387
2025-01-12 22:10:00,1183,1119,135,21.6,1040.4,968.400
2025-01-12 22:20:00,1205,1009,132,21.6,1040.4,949.712
2025-01-12 22:30:00,1166,1074,131,21.4,1040.3,953.464
2025-01-12 22:40:00,1221,1096,148,21.3,1040.3,966.271
2025-01-12 22:50:00,1180,1055,124,21.1,1040.5,949.590
2025-01-12 23:00:00,1176,1075,135,21.1,1040.5,962.545
2025-01-12 23:10:00,1203,1077,138,20.9,1040.5,945.793
2025-01-12 23:20:00,1224,1113,140,20.9,1040.5,952.620
2025-01-12 23:30:00,1196,1095,133,20.8,1040.5,960.133
2025-01-12 23:40:00,1142,1070,116,20.6,1040.5,967.340
2025-01-12 23:50:00,1172,1068,144,20.6,1040.3,955.504
2025-01-13 00:00:00,1219,1103,125,20.5,1040.2,953.148
2025-01-13 00:10:00,1190,1130,139,20.4,1040.0,951.473
2025-01-13 00:20:00,1179,971,130,20.3,1039.9,956.393
2025-01-13 00:30:00,1151,1083,134,20.2,1039.8,956.474
2025-01-13 00:40:00,1182,1054,129,20.1,1039.5,968.817
2025-01-13 00:50:00,1206,1057,153,20.1,1039.5,958.585
2025-01-13 01:00:00,1149,1018,119,20.0,1039.3,962.489
2025-01-13 01:10:00,1224,1139,147,19.9,1039.3,956.024
2025-01-13 01:20:00,1218,1089,144,19.9,1039.2,947.512
2025-01-13 01:30:00,1183,1109,125,19.8,1039.3,955.430
2025-01-13 01:40:00,1199,1082,143,19.7,1039.2,956.394
2025-01-13 01:50:00,1161,1083,146,19.6,1039.2,958.546
2025-01-13 02:00:00,1195,1071,145,19.6,1039.2,946.970
2025-01-13 02:10:00,1142,1086,116,19.5,1039.2,964.774
2025-01-13 02:20:00,1141,1051,120,19.4,1039.3,957.422
2025-01-13 02:30:00,1160,1086,144,19.4,1039.3,960.936
2025-01-13 02:40:00,1176,1084,150,19.4,1039.3,954.861
2025-01-13 02:50:00,1147,1071,134,19.3,1039.4,951.041
2025-01-13 03:00:00,1190,1047,122,19.2,1039.4,962.821
2025-01-13 03:10:00,1171,1107,127,19.2,1039.4,966.833
2025-01-13 03:20:00,1154,1053,123,19.1,1039.4,966.263
2025-01-13 03:30:00,1161,1100,133,19.1,1039.4,955.066
2025-01-13 03:40:00,1136,1048,127,19.1,1039.3,958.791
2025-01-13 03:50:00,1186,1072,146,19.0,1039.2,961.564
2025-01-13 04:00:00,1202,1072,125,18.9,1039.1,962.124
2025-01-13 04:10:00,1133,1087,140,18.9,1039.1,949.702
2025-01-13 04:20:00,1199,1120,143,18.9,1039.0,945.645
2025-01-13 04:30:00,1136,1075,135,18.8,1038.9,960.705
2025-01-13 04:40:00,1161,1067,113,18.8,1038.8,959.937
2025-01-13 04:50:00,1140,1061,130,18.7,1038.8,958.307
2025-01-13 05:00:00,1104,1058,118,18.7,1038.8,948.830
2025-01-13 05:10:00,1128,1121,137,18.7,1038.8,969.211
2025-01-13 05:20:00,1129,1127,122,18.6,1038.7,960.317
2025-01-13 05:30:00,1155,1084,142,18.6,1038.7,963.476
2025-01-13 05:40:00,1149,1067,142,18.6,1038.8,957.703
2025-01-13 05:50:00,1173,1037,135,18.5,1038.8,968.226
2025-01-13 06:00:00,1229,1041,138,18.5,1038.9,962.898
2025-01-13 06:10:00,1101,1044,126,18.4,1038.9,968.768
2025-01-13 06:20:00,1126,1015,123,18.4,1038.9,959.922
2025-01-13 06:30:00,1129,1010,112,18.4,1039.0,956.971
2025-01-13 06:40:00,1159,1032,130,18.3,1039.0,961.540
2025-01-13 06:50:00,1161,1058,124,18.3,1039.0,951.505
2025-01-13 07:00:00,1154,1026,119,18.3,1039.0,953.482
2025-01-13 07:10:00,1175,1083,146,18.4,1039.0,961.395
2025-01-13 07:20:00,1070,997,122,18.5,1039.0,959.803
2025-01-13 07:30:00,1156,1066,130,18.7,1039.2,958.226
2025-01-13 07:40:00,1165,1050,142,18.9,1039.3,950.696
2025-01-13 07:50:00,1231,1090,143,19.2,1039.3,946.710
2025-01-13 08:00:00,1174,1056,136,19.4,1039.3,955.672
2025-01-13 08:10:00,1230,1039,138,19.6,1039.2,963.570
2025-01-13 08:20:00,1253,999,125,19.8,1039.2,968.413
2025-01-13 08:30:00,1167,1130,143,19.8,1039.2,955.776
2025-01-13 08:40:00,1133,1090,125,19.8,1039.2,960.366
2025-01-13 08:50:00,1238,1129,136,19.8,1039.2,968.083
2025-01-13 09:00:00,1215,1099,137,19.7,1039.1,964.873
2025-01-13 09:10:00,1100,1065,127,19.7,1039.2,958.193
2025-01-13 09:20:00,1161,999,133,19.7,1039.1,956.126
2025-01-13 09:30:00,1130,1070,131,19.6,1039.0,963.967
2025-01-13 09:40:00,1164,1135,150,19.6,1039.0,970.659
2025-01-13 09:50:00,1199,1068,134,19.5,1039.0,959.122
2025-01-13 10:00:00,1235,1047,128,19.4,1039.1,963.182
2025-01-13 10:10:00,1237,1120,154,19.4,1039.1,955.218
2025-01-13 10:20:00,1134,1064,134,19.3,1039.1,953.038
2025-01-13 10:30:00,1129,1089,131,19.2,1039.1,969.760
2025-01-13 10:40:00,1135,1019,113,19.1,1039.1,961.799
2025-01-13 10:50:00,1114,1021,124,19.1,1039.1,960.940
2025-01-13 11:00:00,1177,1065,128,19.1,1039.1,976.160
2025-01-13 11:10:00,1156,1049,128,19.0,1039.0,966.543
2025-01-13 11:20:00,1149,1026,129,19.0,1038.9,960.765
2025-01-13 11:30:00,1211,1062,122,18.9,1038.8,971.437
2025-01-13 11:40:00,1153,1046,151,18.9,1038.8,960.572
2025-01-13 11:50:00,1092,1030,106,18.8,1038.7,965.788
2025-01-13 12:00:00,1194,1091,124,18.8,1038.5,965.418
2025-01-13 12:10:00,1187,1087,129,18.8,1038.4,965.268
2025-01-13 12:20:00,1174,1066,118,18.9,1038.2,965.558
2025-01-13 12:30:00,1165,1084,124,19.1,1038.0,962.974
2025-01-13 12:40:00,1166,1071,130,19.4,1037.8,968.706
2025-01-13 12:50:00,1147,1069,123,20.0,1037.7,980.554
2025-01-13 13:00:00,1181,1042,103,20.4,1037.6,962.430
2025-01-13 13:10:00,1160,1050,143,20.9,1037.5,954.470
2025-01-13 13:20:00,1193,1036,128,21.2,1037.5,961.550
2025-01-13 13:30:00,1162,1074,131,21.5,1037.3,967.588
2025-01-13 13:40:00,1210,1087,124,21.8,1037.3,967.936
2025-01-13 13:50:00,1216,1042,127,21.9,1037.2,967.156
2025-01-13 14:00:00,1098,1093,124,21.9,1037.3,960.150
2025-01-13 14:10:00,1149,1049,123,22.0,1037.2,956.619
2025-01-13 14:20:00,1224,1078,139,22.1,1037.2,954.675
2025-01-13 14:30:00,1197,1060,128,22.1,1037.0,955.687
2025-01-13 14:40:00,1156,1102,136,22.2,1037.0,966.896
2025-01-13 14:50:00,1152,1068,131,22.2,1037.0,966.522
2025-01-13 15:00:00,1144,1102,136,22.3,1037.1,963.176
2025-01-13 15:10:00,1131,1033,122,22.4,1037.2,955.386
2025-01-13 15:20:00,1120,998,114,22.4,1037.2,960.742
2025-01-13 15:30:00,1188,1067,132,22.6,1037.1,964.631
2025-01-13 15:40:00,1184,1094,153,22.6,1037.1,962.288
2025-01-13 15:50:00,1183,1009,124,22.8,1037.1,965.334
2025-01-13 16:00:00,1183,1104,137,22.9,1037.1,960.427
2025-01-13 16:10:00,1178,1084,147,22.9,1037.1,963.757
2025-01-13 16:20:00,1209,1066,133,22.9,1037.1,970.912
2025-01-13 16:30:00,1340,1207,128,22.9,1037.0,957.104
2025-01-13 16:40:00,1241,1186,128,22.8,1037.1,971.613
2025-01-13 16:50:00,1347,1217,151,22.8,1037.1,966.195
2025-01-13 17:00:00,1308,1164,138,22.8,1037.0,952.374
2025-01-13 17:10:00,1315,1243,154,22.9,1037.0,964.261
2025-01-13 17:20:00,1266,1223,121,23.1,1037.0,948.132
2025-01-13 17:30:00,1281,1195,149,23.1,1037.0,952.821
2025-01-13 17:40:00,1281,1124,109,23.2,1037.0,945.177
2025-01-13 17:50:00,1304,1185,134,23.2,1037.0,962.389
2025-01-13 18:00:00,1301,1138,124,23.2,1037.0,952.314
2025-01-13 18:10:00,1245,1150,143,23.2,1037.1,951.673
2025-01-13 18:20:00,1327,1155,126,23.1,1037.0,951.405
2025-01-13 18:30:00,1344,1231,153,23.1,1037.0,955.158
2025-01-13 18:40:00,1285,1156,127,23.2,1036.8,958.527
2025-01-13 18:50:00,1267,1185,133,23.1,1036.7,973.816
2025-01-13 19:00:00,1340,1149,123,23.0,1036.6,960.714
2025-01-13 19:10:00,1232,1195,132,22.9,1036.4,953.501
2025-01-13 19:20:00,1280,1219,137,22.8,1036.2,955.480
2025-01-13 19:30:00,1309,1218,135,22.6,1036.1,959.276
2025-01-13 19:40:00,1242,1175,114,22.6,1036.2,963.368
2025-01-13 19:50:00,1316,1182,141,22.5,1036.2,955.793
2025-01-13 20:00:00,1354,1159,139,22.5,1036.0,957.472
2025-01-13 20:10:00,1319,1169,126,22.4,1036.0,950.573
2025-01-13 20:20:00,1309,1183,130,22.4,1035.9,957.645
2025-01-13 20:30:00,1323,1218,129,22.3,1035.9,963.979
2025-01-13 20:40:00,1319,1216,138,22.3,1036.0,951.002
2025-01-13 20:50:00,1316,1189,147,22.2,1036.0,947.983
2025-01-13 21:00:00,1336,1134,129,22.2,1036.2,956.089
2025-01-13 21:10:00,1306,1159,122,22.1,1036.0,948.687
2025-01-13 21:20:00,1288,1120,133,22.1,1035.8,950.040
2025-01-13 21:30:00,1366,1173,137,22.1,1035.8,952.856
2025-01-13 21:40:00,1307,1224,147,22.0,1035.8,941.397
2025-01-13 21:50:00,1314,1161,131,22.0,1035.9,949.656
2025-01-13 22:00:00,1283,1132,122,21.9,1035.9,952.995
2025-01-13 22:10:00,1342,1233,141,21.9,1036.0,951.539
2025-01-13 22:20:00,1365,1167,154,21.9,1035.9,959.832
2025-01-13 22:30:00,1351,1154,147,21.8,1035.8,944.089
2025-01-13 22:40:00,1241,1145,117,21.7,1035.8,952.368
2025-01-13 22:50:00,1292,1152,132,21.7,1035.5,947.976
2025-01-13 23:00:00,1341,1153,136,21.6,1035.3,943.497
2025-01-13 23:10:00,1295,1186,132,21.5,1035.3,944.034
2025-01-13 23:20:00,1317,1174,122,21.4,1035.3,941.169
2025-01-13 23:30:00,1291,1198,133,21.3,1035.2,950.558
2025-01-13 23:40:00,1282,1165,139,21.2,1035.2,949.627
2025-01-13 23:50:00,1351,1151,139,21.1,1035.1,947.199
2025-01-14 00:00:00,1331,1153,116,21.1,1035.2,944.678
2025-01-14 00:10:00,1289,1210,132,21.0,1035.0,945.876
2025-01-14 00:20:00,1384,1171,146,20.9,1035.1,945.653
2025-01-14 00:30:00,1340,1190,135,20.9,1035.0,953.920
2025-01-14 00:40:00,1259,1196,128,20.8,1035.0,947.631
2025-01-14 00:50:00,1275,1251,136,20.8,1035.0,956.221
2025-01-14 01:00:00,1312,1165,135,20.8,1034.9,950.818
2025-01-14 01:10:00,1315,1151,115,20.8,1035.0,959.995
2025-01-14 01:20:00,1260,1167,135,20.8,1035.0,947.624
2025-01-14 01:30:00,1286,1153,115,20.7,1035.0,953.657
2025-01-14 01:40:00,1262,1147,129,20.7,1035.0,958.899
2025-01-14 01:50:00,1335,1147,148,20.6,1034.9,949.284
2025-01-14 02:00:00,1311,1159,153,20.6,1034.8,952.678
2025-01-14 02:10:00,1337,1162,132,20.5,1034.9,947.252
2025-01-14 02:20:00,1268,1165,138,20.4,1034.8,959.426
2025-01-14 02:30:00,1335,1199,132,20.4,1034.7,948.723
2025-01-14 02:40:00,1266,1162,130,20.4,1034.7,950.056
2025-01-14 02:50:00,1229,1142,115,20.3,1034.7,956.946
2025-01-14 03:00:00,1297,1207,133,20.3,1034.5,952.098
2025-01-14 03:10:00,1303,1213,154,20.2,1034.6,958.375
2025-01-14 03:20:00,1349,1202,119,20.2,1034.5,958.213
2025-01-14 03:30:00,1316,1120,131,20.1,1034.5,956.684
2025-01-14 03:40:00,1241,1169,116,20.1,1034.3,961.484
2025-01-14 03:50:00,1325,1189,133,20.1,1034.2,958.217
2025-01-14 04:00:00,1338,1189,131,20.0,1034.2,945.904
2025-01-14 04:10:00,1251,1193,120,19.9,1034.2,954.165
2025-01-14 04:20:00,1333,1119,125,19.9,1034.1,944.028
2025-01-14 04:30:00,1267,1140,120,19.8,1034.0,957.821
2025-01-14 04:40:00,1282,1218,138,19.8,1034.0,947.037
2025-01-14 04:50:00,1257,1213,125,19.7,1033.8,965.444
2025-01-14 05:00:00,1334,1174,135,19.6,1033.8,963.157
2025-01-14 05:10:00,1294,1078,133,19.6,1033.6,961.134
2025-01-14 05:20:00,1273,1156,124,19.6,1033.2,948.440
2025-01-14 05:30:00,1289,1108,131,19.5,1033.0,957.389
2025-01-14 05:40:00,1264,1184,137,19.5,1032.8,954.896
2025-01-14 05:50:00,1326,1172,135,19.4,1033.0,960.548
2025-01-14 06:00:00,1264,1140,125,19.4,1033.0,954.592
2025-01-14 06:10:00,1267,1196,145,19.4,1033.1,951.806
2025-01-14 06:20:00,1282,1111,119,19.3,1033.1,962.579
2025-01-14 06:30:00,1300,1233,130,19.2,1033.2,958.899
2025-01-14 06:40:00,1259,1156,129,19.1,1033.2,969.405
2025-01-14 06:50:00,1281,1142,135,19.1,1033.2,968.272
2025-01-14 07:00:00,1279,1148,134,19.0,1033.2,953.293
2025-01-14 07:10:00,1334,1140,137,19.1,1033.0,957.518
2025-01-14 07:20:00,1256,1187,145,19.1,1033.0,955.952
2025-01-14 07:30:00,1248,1184,133,19.2,1033.3,950.865
2025-01-14 07:40:00,1292,1196,125,19.4,1033.5,964.880
2025-01-14 07:50:00,1291,1135,128,19.6,1033.5,960.034
2025-01-14 08:00:00,1246,1216,135,19.8,1033.4,962.284
2025-01-14 08:10:00,1241,1154,134,19.9,1033.5,963.169
2025-01-14 08:20:00,1305,1189,125,19.9,1033.6,957.674
2025-01-14 08:30:00,1308,1211,133,20.0,1034.1,972.157
2025-01-14 08:40:00,1340,1206,133,20.0,1034.0,960.406
2025-01-14 08:50:00,1275,1188,123,20.0,1034.1,964.371
2025-01-14 09:00:00,1274,1182,123,20.0,1034.1,959.089
2025-01-14 09:10:00,1287,1210,145,20.0,1034.0,966.271
2025-01-14 09:20:00,1274,1120,131,20.1,1034.0,957.347
2025-01-14 09:30:00,1272,1220,149,20.2,1034.0,961.065
2025-01-14 09:40:00,1313,1184,136,20.5,1034.1,965.287
2025-01-14 09:50:00,1269,1264,127,20.7,1034.1,960.905
2025-01-14 10:00:00,1351,1182,139,20.9,1034.1,970.585
2025-01-14 10:10:00,1254,1118,111,20.9,1034.2,948.132
2025-01-14 10:20:00,1369,1181,139,21.0,1034.4,967.725
2025-01-14 10:30:00,1293,1159,126,21.3,1034.5,965.326
2025-01-14 10:40:00,1362,1184,151,21.6,1034.5,965.598
2025-01-14 10:50:00,1231,1150,116,21.9,1034.4,962.691
2025-01-14 11:00:00,1325,1131,131,22.1,1034.4,967.704
2025-01-14 11:10:00,1282,1182,121,22.2,1034.3,951.833
2025-01-14 11:20:00,1294,1230,137,22.4,1034.2,963.156
2025-01-14 11:30:00,1333,1099,136,22.6,1034.0,954.482
2025-01-14 11:40:00,1269,1161,123,22.7,1033.8,961.350
2025-01-14 11:50:00,1273,1204,132,22.8,1033.7,965.676
2025-01-14 12:00:00,1336,1176,124,22.9,1033.6,969.148
2025-01-14 12:10:00,1300,1151,124,23.1,1033.5,973.503
2025-01-14 12:20:00,1343,1192,118,23.2,1033.5,964.879
2025-01-14 12:30:00,1355,1236,166,23.1,1033.4,958.275
2025-01-14 12:40:00,1354,1205,125,23.1,1033.2,962.192
2025-01-14 12:50:00,1281,1191,140,23.1,1033.2,964.979
2025-01-14 13:00:00,1326,1216,148,23.2,1033.0,965.982
2025-01-14 13:10:00,1334,1191,135,23.2,1032.9,964.885
2025-01-14 13:20:00,1312,1203,135,23.2,1032.8,962.111
2025-01-14 13:30:00,1318,1176,146,23.2,1032.7,969.978
2025-01-14 13:40:00,1248,1142,139,23.1,1032.7,968.255
2025-01-14 13:50:00,1294,1143,129,23.1,1032.8,981.859
2025-01-14 14:00:00,1324,1171,154,23.1,1032.6,964.052
2025-01-14 14:10:00,1321,1191,144,23.0,1032.8,970.364
2025-01-14 14:20:00,1322,1207,127,23.0,1032.7,972.402
2025-01-14 14:30:00,1294,1156,149,23.0,1032.9,958.021
2025-01-14 14:40:00,1379,1208,147,23.0,1033.0,966.094
2025-01-14 14:50:00,1283,1190,142,23.0,1033.0,962.415
2025-01-14 15:00:00,1344,1180,127,23.0,1033.1,963.187
2025-01-14 15:10:00,1292,1153,129,23.0,1033.2,976.291
2025-01-14 15:20:00,1331,1146,141,23.0,1033.2,949.724
2025-01-14 15:30:00,1289,1187,138,23.1,1033.2,969.308
2025-01-14 15:40:00,1259,1201,122,23.1,1033.1,959.486
2025-01-14 15:50:00,1324,1175,139,23.1,1033.2,973.444
2025-01-14 16:00:00,1322,1164,142,23.2,1033.2,969.276
2025-01-14 16:10:00,1279,1197,127,23.3,1033.2,971.147
2025-01-14 16:20:00,1344,1222,154,23.4,1033.2,968.820
2025-01-14 16:30:00,1329,1218,127,23.4,1033.2,967.159
2025-01-14 16:40:00,1316,1194,148,23.6,1033.3,966.501
2025-01-14 16:50:00,1332,1163,140,23.6,1033.2,960.349
2025-01-14 17:00:00,1316,1158,144,23.7,1033.3,954.512
2025-01-14 17:10:00,1331,1216,139,23.6,1033.3,970.305
2025-01-14 17:20:00,1333,1209,150,23.6,1033.2,970.270
2025-01-14 17:30:00,1324,1172,127,23.4,1033.2,957.313
2025-01-14 17:40:00,1312,1227,143,23.4,1033.3,968.215
2025-01-14 17:50:00,1341,1190,158,23.3,1033.2,976.438
2025-01-14 18:00:00,1312,1146,124,23.2,1033.3,981.516
2025-01-14 18:10:00,1360,1182,147,23.1,1033.4,956.943
2025-01-14 18:20:00,1231,1187,119,23.1,1033.4,966.834
2025-01-14 18:30:00,1324,1143,139,23.0,1033.3,969.715
2025-01-14 18:40:00,1362,1182,139,22.9,1033.3,957.011
2025-01-14 18:50:00,1346,1155,126,22.9,1033.5,963.413
2025-01-14 19:00:00,1321,1139,117,22.9,1033.5,975.088
2025-01-14 19:10:00,1345,1289,163,22.8,1033.5,973.482
2025-01-14 19:20:00,1331,1139,125,22.8,1033.5,968.949
2025-01-14 19:30:00,1353,1213,127,22.8,1033.5,972.070
2025-01-14 19:40:00,1302,1189,127,22.8,1033.6,966.879
2025-01-14 19:50:00,1330,1188,123,22.7,1033.7,980.070
2025-01-14 20:00:00,1307,1200,136,22.7,1033.7,949.107
2025-01-14 20:10:00,1303,1148,118,22.7,1033.5,974.534
2025-01-14 20:20:00,1339,1180,144,22.6,1033.5,966.471
2025-01-14 20:30:00,1333,1201,119,22.6,1033.6,951.521
2025-01-14 20:40:00,1321,1144,138,22.6,1033.6,965.895
2025-01-14 20:50:00,1285,1185,107,22.6,1033.7,968.045
2025-01-14 21:00:00,1285,1132,134,22.6,1033.7,973.043
2025-01-14 21:10:00,1322,1208,135,22.6,1033.7,970.059
2025-01-14 21:20:00,1302,1191,134,22.6,1033.7,969.114
2025-01-14 21:30:00,1337,1166,143,22.6,1033.7,966.260
2025-01-14 21:40:00,1240,1192,139,22.5,1033.7,963.370
2025-01-14 21:50:00,1257,1161,129,22.5,1033.7,966.732
2025-01-14 22:00:00,1409,1216,149,22.5,1033.7,973.059
2025-01-14 22:10:00,1266,1204,115,22.5,1033.6,965.555
2025-01-14 22:20:00,1337,1234,149,22.4,1033.5,972.781
2025-01-14 22:30:00,1257,1178,132,22.4,1033.5,970.622
2025-01-14 22:40:00,1323,1181,141,22.4,1033.5,958.163
2025-01-14 22:50:00,1349,1162,136,22.3,1033.5,963.959
2025-01-14 23:00:00,1306,1183,147,22.3,1033.5,966.052
2025-01-14 23:10:00,1236,1158,145,22.2,1033.5,958.494
2025-01-14 23:20:00,1273,1182,132,22.2,1033.5,971.002
2025-01-14 23:30:00,1291,1129,140,22.2,1033.5,966.908
2025-01-14 23:40:00,1351,1211,162,22.1,1033.3,965.091
2025-01-14 23:50:00,1259,1154,94,22.1,1033.3,965.395
2025-01-15 00:00:00,1347,1165,138,22.0,1033.3,964.453
2025-01-15 00:10:00,1271,1128,117,22.0,1033.2,962.635
2025-01-15 00:20:00,1304,1143,129,21.9,1033.1,961.959
2025-01-15 00:30:00,1254,1165,130,21.9,1033.0,958.009
2025-01-15 00:40:00,1333,1191,167,21.9,1033.0,968.508
2025-01-15 00:50:00,1342,1152,135,21.9,1033.0,955.842
2025-01-15 01:00:00,1315,1190,140,21.9,1033.0,966.170
2025-01-15 01:10:00,1299,1182,121,21.9,1032.8,965.083
2025-01-15 01:20:00,1349,1212,138,22.0,1032.7,952.979
2025-01-15 01:30:00,1293,1193,133,22.0,1032.5,970.780
2025-01-15 01:40:00,1331,1209,138,22.0,1032.5,961.443
2025-01-15 01:50:00,1305,1233,139,21.9,1032.5,967.645
2025-01-15 02:00:00,1347,1201,147,21.9,1032.4,972.875
2025-01-15 02:10:00,1272,1139,134,21.9,1032.5,963.237
2025-01-15 02:20:00,1338,1119,119,21.8,1032.4,966.060
2025-01-15 02:30:00,1303,1192,147,21.8,1032.5,964.778
2025-01-15 02:40:00,1322,1188,138,21.8,1032.4,972.369
2025-01-15 02:50:00,1309,1207,131,21.7,1032.3,968.205
2025-01-15 03:00:00,1282,1184,116,21.7,1032.3,972.028
2025-01-15 03:10:00,1266,1212,125,21.7,1032.2,959.253
2025-01-15 03:20:00,1305,1165,132,21.7,1032.4,965.607
2025-01-15 03:30:00,1352,1221,142,21.7,1032.6,965.063
2025-01-15 03:40:00,1355,1190,133,21.7,1032.8,965.923
2025-01-15 03:50:00,1283,1152,126,21.6,1032.8,969.799
2025-01-15 04:00:00,1279,1103,119,21.6,1032.8,955.947
2025-01-15 04:10:00,1303,1128,116,21.6,1032.8,969.338
2025-01-15 04:20:00,1354,1140,143,21.6,1032.8,946.005
2025-01-15 04:30:00,1314,1143,128,21.5,1032.9,966.968
2025-01-15 04:40:00,1286,1188,128,21.5,1032.9,973.752
2025-01-15 04:50:00,1288,1163,128,21.4,1032.8,963.288
2025-01-15 05:00:00,1338,1223,120,21.4,1032.9,980.046
2025-01-15 05:10:00,1373,1172,125,21.4,1033.0,970.198
2025-01-15 05:20:00,1380,1189,153,21.4,1033.0,964.405
2025-01-15 05:30:00,1291,1126,140,21.4,1033.0,970.114
2025-01-15 05:40:00,1217,1153,124,21.4,1033.1,971.800
2025-01-15 05:50:00,1233,1150,121,21.3,1033.0,964.166
2025-01-15 06:00:00,1307,1228,119,21.3,1033.0,970.659
2025-01-15 06:10:00,1275,1145,142,21.3,1033.0,975.453
2025-01-15 06:20:00,1310,1226,137,21.3,1033.0,971.944
2025-01-15 06:30:00,1383,1224,136,21.2,1033.0,965.507
2025-01-15 06:40:00,1269,1201,148,21.2,1032.9,970.758
2025-01-15 06:50:00,1269,1199,150,21.1,1033.0,972.385
2025-01-15 07:00:00,1408,1218,154,21.1,1033.0,963.410
2025-01-15 07:10:00,1316,1126,130,21.1,1033.0,978.848
2025-01-15 07:20:00,1393,1238,139,21.1,1033.1,975.025
2025-01-15 07:30:00,1276,1251,168,21.2,1033.0,974.176
2025-01-15 07:40:00,1283,1192,138,21.4,1033.0,976.616
2025-01-15 07:50:00,1319,1153,110,21.4,1033.2,968.870
2025-01-15 08:00:00,1306,1218,123,21.6,1033.3,975.553
2025-01-15 08:10:00,1355,1202,145,21.7,1033.3,970.814
2025-01-15 08:20:00,1328,1194,130,21.8,1033.3,974.327
2025-01-15 08:30:00,1359,1189,136,21.8,1033.4,970.492
2025-01-15 08:40:00,1350,1232,142,21.8,1033.5,967.182
2025-01-15 08:50:00,1282,1170,134,21.8,1033.5,965.032
2025-01-15 09:00:00,1302,1146,133,21.8,1033.6,982.502
2025-01-15 09:10:00,1290,1147,129,21.8,1033.8,974.539
2025-01-15 09:20:00,1344,1198,122,21.8,1033.7,962.539
2025-01-15 09:30:00,1323,1172,123,21.8,1033.7,971.987
2025-01-15 09:40:00,1278,1213,121,21.7,1033.8,976.029
2025-01-15 09:50:00,1291,1205,138,21.7,1033.8,972.405
2025-01-15 10:00:00,1285,1110,106,21.7,1034.0,973.594
2025-01-15 10:10:00,1296,1172,125,21.7,1034.0,966.298
2025-01-15 10:20:00,1339,1185,142,21.7,1034.0,961.884
2025-01-15 10:30:00,1256,1191,132,21.7,1034.0,966.307
2025-01-15 10:40:00,1310,1227,137,21.8,1034.0,963.791
2025-01-15 10:50:00,1294,1137,133,21.9,1033.8,972.528
2025-01-15 11:00:00,1303,1161,123,22.1,1033.8,967.753
2025-01-15 11:10:00,1333,1178,127,22.2,1033.6,965.807
2025-01-15 11:20:00,1294,1181,107,22.3,1033.6,968.795
2025-01-15 11:30:00,1323,1159,138,22.4,1033.6,969.590
2025-01-15 11:40:00,1332,1159,142,22.4,1033.5,968.702
2025-01-15 11:50:00,1340,1189,135,22.4,1033.5,967.617
2025-01-15 12:00:00,1321,1196,128,22.4,1033.3,961.228
2025-01-15 12:10:00,1306,1211,130,22.4,1033.2,970.383
2025-01-15 12:20:00,1367,1165,138,22.4,1033.1,974.095
2025-01-15 12:30:00,1358,1193,145,22.4,1033.0,952.358
2025-01-15 12:40:00,1283,1188,130,22.4,1033.0,972.909
2025-01-15 12:50:00,1342,1209,142,22.4,1033.0,974.678
2025-01-15 13:00:00,1382,1143,146,22.4,1032.8,958.370
2025-01-15 13:10:00,1293,1224,138,22.4,1032.8,968.424
2025-01-15 13:20:00,1247,1193,146,22.4,1032.7,955.278
2025-01-15 13:30:00,1281,1182,127,22.5,1032.6,963.231
2025-01-15 13:40:00,1279,1158,129,22.6,1032.6,970.207
2025-01-15 13:50:00,1289,1134,115,22.8,1032.5,966.476
2025-01-15 14:00:00,1338,1186,144,22.9,1032.5,964.814
2025-01-15 14:10:00,1348,1211,146,22.9,1032.6,953.823
2025-01-15 14:20:00,1342,1195,132,23.0,1032.7,954.733
2025-01-15 14:30:00,1324,1175,130,23.1,1032.8,957.855
2025-01-15 14:40:00,1343,1159,142,23.1,1032.8,956.559
2025-01-15 14:50:00,1354,1261,162,23.1,1032.9,963.360
2025-01-15 15:00:00,1265,1143,120,23.3,1032.8,959.167
2025-01-15 15:10:00,1351,1232,157,23.3,1032.8,962.913
2025-01-15 15:20:00,1257,1157,133,23.4,1032.8,959.141
2025-01-15 15:30:00,1346,1162,142,23.4,1032.8,973.218
2025-01-15 15:40:00,1315,1145,144,23.5,1032.8,960.211
2025-01-15 15:50:00,1289,1183,143,23.6,1032.8,953.305
2025-01-15 16:00:00,1345,1191,149,23.6,1032.8,969.432
2025-01-15 16:10:00,1281,1164,134,23.7,1032.8,962.050
2025-01-15 16:20:00,1383,1182,144,23.7,1032.8,961.437
2025-01-15 16:30:00,1341,1186,135,23.7,1032.8,964.752
2025-01-15 16:40:00,1288,1134,112,23.7,1033.0,959.563
2025-01-15 16:50:00,1345,1149,110,23.7,1033.0,949.572
2025-01-15 17:00:00,1313,1141,129,23.6,1033.1,955.387
2025-01-15 17:10:00,1293,1132,126,23.6,1033.2,965.390
2025-01-15 17:20:00,1297,1183,160,23.5,1033.2,948.775
2025-01-15 17:30:00,1314,1228,137,23.4,1033.3,956.587
2025-01-15 17:40:00,1340,1139,125,23.4,1033.4,968.116
2025-01-15 17:50:00,1339,1189,147,23.3,1033.5,951.516
2025-01-15 18:00:00,1273,1214,142,23.3,1033.5,961.605
2025-01-15 18:10:00,1296,1171,129,23.2,1033.7,959.456
2025-01-15 18:20:00,1365,1220,129,23.2,1033.7,951.771
2025-01-15 18:30:00,1259,1195,137,23.1,1033.8,964.736
2025-01-15 18:40:00,1310,1176,134,23.1,1033.8,964.470
2025-01-15 18:50:00,1351,1145,109,23.1,1033.8,958.344
2025-01-15 19:00:00,1293,1198,138,23.0,1033.8,964.374
2025-01-15 19:10:00,1243,1244,114,23.0,1033.9,959.671
2025-01-15 19:20:00,1311,1191,119,22.9,1033.8,958.567
2025-01-15 19:30:00,1281,1143,123,22.9,1033.7,962.436
2025-01-15 19:40:00,1338,1153,123,22.9,1033.7,954.226
2025-01-15 19:50:00,1300,1162,122,22.8,1033.6,955.091
2025-01-15 20:00:00,1298,1162,141,22.8,1033.7,964.546
2025-01-15 20:10:00,1312,1198,151,22.8,1033.7,965.421
2025-01-15 20:20:00,1296,1125,125,22.8,1033.7,961.308
2025-01-15 20:30:00,1316,1148,124,22.7,1033.7,957.775
2025-01-15 20:40:00,1296,1145,137,22.7,1033.7,961.759
2025-01-15 20:50:00,1270,1253,143,22.7,1033.7,960.239
2025-01-15 21:00:00,1298,1174,129,22.7,1033.7,966.332
2025-01-15 21:10:00,1301,1147,147,22.7,1033.7,967.944
2025-01-15 21:20:00,1348,1211,127,22.7,1033.7,970.395
2025-01-15 21:30:00,1332,1197,139,22.7,1033.7,968.396
2025-01-15 21:40:00,1313,1196,119,22.7,1033.7,954.046
2025-01-15 21:50:00,1355,1171,134,22.7,1033.6,964.488
2025-01-15 22:00:00,1341,1226,138,22.6,1033.6,956.879
2025-01-15 22:10:00,1291,1172,142,22.6,1033.6,959.067
2025-01-15 22:20:00,1263,1163,123,22.6,1033.5,965.257
2025-01-15 22:30:00,1312,1157,132,22.6,1033.5,953.257
2025-01-15 22:40:00,1265,1239,117,22.5,1033.4,952.931
2025-01-15 22:50:00,1291,1190,128,22.5,1033.4,953.007
2025-01-15 23:00:00,1297,1149,121,22.5,1033.4,961.936
2025-01-15 23:10:00,1305,1178,142,22.4,1033.4,954.881
2025-01-15 23:20:00,1333,1223,136,22.4,1033.4,951.810
2025-01-15 23:30:00,1334,1161,135,22.4,1033.4,949.393
2025-01-15 23:40:00,1353,1189,163,22.3,1033.4,955.297
2025-01-15 23:50:00,1310,1120,142,22.3,1033.5,958.005
2025-01-16 00:00:00,1275,1166,119,22.3,1033.3,960.739
2025-01-16 00:10:00,1303,1160,122,22.2,1033.2,969.237
2025-01-16 00:20:00,1289,1153,135,22.2,1033.1,963.751
2025-01-16 00:30:00,1281,1140,118,22.2,1033.1,966.835
2025-01-16 00:40:00,1311,1163,114,22.1,1033.0,959.014
2025-01-16 00:50:00,1223,1149,122,22.2,1033.1,961.072
2025-01-16 01:00:00,1286,1204,141,22.2,1033.1,954.334
2025-01-16 01:10:00,1268,1165,132,22.2,1033.2,955.897
2025-01-16 01:20:00,1252,1211,136,22.2,1033.2,957.761
2025-01-16 01:30:00,1365,1148,108,22.2,1033.2,960.781
2025-01-16 01:40:00,1300,1171,120,22.2,1033.0,951.507
2025-01-16 01:50:00,1284,1161,135,22.2,1033.0,958.615
2025-01-16 02:00:00,1339,1181,149,22.1,1033.0,968.050
2025-01-16 02:10:00,1264,1164,122,22.1,1033.0,964.571
2025-01-16 02:20:00,1315,1185,122,22.1,1033.0,966.123
2025-01-16 02:30:00,1317,1154,139,22.0,1033.0,963.498
2025-01-16 02:40:00,1289,1150,128,22.0,1032.9,962.766
2025-01-16 02:50:00,1321,1206,149,22.0,1033.0,954.580
2025-01-16 03:00:00,1355,1177,138,21.9,1032.8,956.645
2025-01-16 03:10:00,1290,1177,139,21.9,1032.9,956.166
2025-01-16 03:20:00,1312,1202,139,21.9,1032.8,967.953
2025-01-16 03:30:00,1278,1232,134,21.9,1032.8,967.332
2025-01-16 03:40:00,1300,1196,141,21.8,1032.8,967.580
2025-01-16 03:50:00,1332,1109,146,21.8,1032.9,966.516
2025-01-16 04:00:00,1244,1175,128,21.8,1032.9,964.620
2025-01-16 04:10:00,1289,1213,122,21.8,1033.0,969.685
2025-01-16 04:20:00,1268,1203,135,21.7,1032.9,963.600
2025-01-16 04:30:00,1232,1189,122,21.7,1033.0,961.643
2025-01-16 04:40:00,1307,1205,131,21.7,1033.2,964.433
2025-01-16 04:50:00,1320,1109,117,21.6,1033.3,960.505
2025-01-16 05:00:00,1336,1163,135,21.6,1033.2,944.947
2025-01-16 05:10:00,1299,1179,140,21.6,1033.5,977.489
2025-01-16 05:20:00,1293,1130,116,21.6,1033.5,971.172
2025-01-16 05:30:00,1270,1186,121,21.5,1033.5,969.533
2025-01-16 05:40:00,1359,1193,125,21.5,1033.5,962.256
2025-01-16 05:50:00,1294,1236,129,21.5,1033.5,952.570
2025-01-16 06:00:00,1324,1184,142,21.4,1033.6,965.241
2025-01-16 06:10:00,1329,1167,132,21.4,1033.5,966.886
2025-01-16 06:20:00,1317,1143,130,21.4,1033.6,956.792
2025-01-16 06:30:00,1361,1175,154,21.4,1033.7,957.732
2025-01-16 06:40:00,1305,1203,140,21.3,1033.8,951.816
2025-01-16 06:50:00,1311,1192,141,21.3,1033.8,966.319
2025-01-16 07:00:00,1280,1148,131,21.2,1033.8,959.655
2025-01-16 07:10:00,1290,1223,131,21.2,1033.6,959.659
2025-01-16 07:20:00,1309,1240,165,21.3,1033.8,966.087
2025-01-16 07:30:00,1297,1266,134,21.4,1033.8,961.802
2025-01-16 07:40:00,1293,1177,143,21.4,1034.0,979.011
2025-01-16 07:50:00,1281,1193,129,21.6,1034.0,949.290
2025-01-16 08:00:00,1287,1179,132,21.7,1033.9,962.379
2025-01-16 08:10:00,1293,1194,126,21.8,1034.0,959.198
2025-01-16 08:20:00,1303,1179,127,21.8,1034.0,962.392
2025-01-16 08:30:00,1311,1187,137,21.8,1034.0,957.063
2025-01-16 08:40:00,1273,1125,112,21.8,1034.0,972.682
2025-01-16 08:50:00,1307,1164,138,21.8,1034.0,959.255
2025-01-16 09:00:00,1290,1168,147,21.8,1034.0,973.227
2025-01-16 09:10:00,1290,1210,151,21.8,1034.0,963.023
2025-01-16 09:20:00,1341,1142,138,21.8,1033.8,967.731
2025-01-16 09:30:00,1330,1179,130,21.7,1034.0,962.268
2025-01-16 09:40:00,1308,1224,126,21.7,1034.0,975.299
2025-01-16 09:50:00,1341,1176,128,21.7,1034.0,945.320
2025-01-16 10:00:00,1287,1130,127,21.6,1034.0,956.399
2025-01-16 10:10:00,1320,1174,151,21.6,1034.0,955.010
2025-01-16 10:20:00,1253,1260,142,21.9,1034.0,974.717
2025-01-16 10:30:00,1334,1187,135,22.1,1033.9,970.243
2025-01-16 10:40:00,1283,1135,133,22.4,1033.8,968.885
2025-01-16 10:50:00,1376,1056,127,22.6,1033.8,963.677
2025-01-16 11:00:00,1297,1231,126,22.7,1033.7,959.314
2025-01-16 11:10:00,1304,1206,151,22.8,1033.7,966.618
2025-01-16 11:20:00,1329,1171,128,22.9,1033.7,964.858
2025-01-16 11:30:00,1359,1221,141,22.9,1033.6,967.293
2025-01-16 11:40:00,1277,1164,116,23.1,1033.5,968.919
2025-01-16 11:50:00,1372,1208,153,23.2,1033.3,953.048
2025-01-16 12:00:00,1302,1155,119,23.2,1033.2,965.813
2025-01-16 12:10:00,1317,1251,124,23.3,1033.2,964.797
2025-01-16 12:20:00,1248,1170,128,23.4,1033.0,967.647
2025-01-16 12:30:00,1315,1151,138,23.5,1032.8,965.452
2025-01-16 12:40:00,1303,1207,152,23.5,1032.8,968.202
2025-01-16 12:50:00,1269,1223,139,23.6,1032.8,960.798
2025-01-16 13:00:00,1375,1176,141,23.7,1032.8,968.640
2025-01-16 13:10:00,1280,1159,126,23.8,1032.8,965.366
2025-01-16 13:20:00,1291,1145,143,23.8,1032.5,961.493
2025-01-16 13:30:00,1287,1142,124,23.8,1032.5,969.196
2025-01-16 13:40:00,1337,1210,145,23.8,1032.4,967.972
2025-01-16 13:50:00,1309,1150,150,23.7,1032.5,967.175
2025-01-16 14:00:00,1288,1164,137,23.7,1032.5,959.472
2025-01-16 14:10:00,1326,1167,139,23.6,1032.5,969.609
2025-01-16 14:20:00,1311,1125,137,23.6,1032.6,966.231
2025-01-16 14:30:00,1355,1203,140,23.5,1032.6,968.542
2025-01-16 14:40:00,1347,1161,140,23.4,1032.7,973.851
2025-01-16 14:50:00,1302,1238,156,23.4,1032.8,967.383
2025-01-16 15:00:00,1335,1208,126,23.4,1032.8,965.982
2025-01-16 15:10:00,1209,1169,133,23.3,1032.7,960.766
2025-01-16 15:20:00,1297,1126,152,23.3,1032.8,963.744
2025-01-16 15:30:00,1313,1171,138,23.4,1032.8,957.083
2025-01-16 15:40:00,1320,1119,136,23.4,1032.8,967.343
2025-01-16 15:50:00,1363,1200,162,23.5,1032.8,970.943
2025-01-16 16:00:00,1296,1152,139,23.6,1032.8,972.697
2025-01-16 16:10:00,1273,1147,123,23.7,1032.9,964.690
2025-01-16 16:20:00,1265,1175,126,23.8,1033.0,957.703
2025-01-16 16:30:00,1294,1194,138,23.8,1033.0,957.181
2025-01-16 16:40:00,1308,1129,134,23.9,1033.1,970.199
2025-01-16 16:50:00,1329,1191,129,23.9,1033.2,966.637
2025-01-16 17:00:00,1273,1133,119,24.0,1033.3,963.151
2025-01-16 17:10:00,1279,1228,127,24.0,1033.3,963.949
2025-01-16 17:20:00,1294,1123,131,24.0,1033.5,963.724
2025-01-16 17:30:00,1343,1160,137,24.0,1033.6,960.305
2025-01-16 17:40:00,1325,1156,130,23.9,1033.7,963.994
2025-01-16 17:50:00,1318,1172,127,23.9,1033.7,969.691
2025-01-16 18:00:00,1298,1127,135,23.8,1033.6,970.219
2025-01-16 18:10:00,1266,1151,110,23.7,1033.7,965.140
2025-01-16 18:20:00,1286,1204,136,23.6,1033.7,958.030
2025-01-16 18:30:00,1290,1107,128,23.6,1033.8,962.623
2025-01-16 18:40:00,1320,1187,124,23.5,1033.8,957.594
2025-01-16 18:50:00,1308,1171,123,23.4,1033.8,959.676
2025-01-16 19:00:00,1339,1179,132,23.4,1033.8,958.776
2025-01-16 19:10:00,1288,1137,145,23.3,1034.0,962.815
2025-01-16 19:20:00,1283,1164,142,23.3,1033.9,967.220
2025-01-16 19:30:00,1274,1176,134,23.2,1033.9,962.739
2025-01-16 19:40:00,1348,1164,163,23.2,1034.0,961.947
2025-01-16 19:50:00,1358,1212,148,23.1,1034.0,956.559
2025-01-16 20:00:00,1340,1189,125,23.1,1034.0,963.145
2025-01-16 20:10:00,1315,1224,135,23.1,1033.9,962.031
2025-01-16 20:20:00,1297,1204,144,23.0,1033.8,960.449
2025-01-16 20:30:00,1347,1168,142,22.9,1033.9,952.335
2025-01-16 20:40:00,1327,1183,132,22.9,1033.8,967.793
2025-01-16 20:50:00,1327,1223,145,22.9,1033.8,966.819
2025-01-16 21:00:00,1303,1179,127,22.8,1033.9,970.272
2025-01-16 21:10:00,1364,1161,152,22.8,1034.0,958.733
2025-01-16 21:20:00,1306,1175,135,22.8,1034.0,970.169
2025-01-16 21:30:00,1264,1188,141,22.8,1034.1,960.138
2025-01-16 21:40:00,1266,1137,140,22.8,1034.1,965.914
2025-01-16 21:50:00,1301,1198,153,22.7,1034.1,972.755
2025-01-16 22:00:00,1281,1173,134,22.7,1034.0,964.551
2025-01-16 22:10:00,1306,1192,127,22.7,1034.1,960.657
2025-01-16 22:20:00,1230,1215,123,22.7,1034.1,953.960
2025-01-16 22:30:00,1271,1215,130,22.7,1034.0,954.407
2025-01-16 22:40:00,1282,1198,129,22.7,1034.1,963.420
2025-01-16 22:50:00,1283,1166,129,22.7,1034.1,956.025
2025-01-16 23:00:00,1257,1206,148,22.6,1034.1,963.686
2025-01-16 23:10:00,1262,1149,119,22.6,1034.1,963.632
2025-01-16 23:20:00,1317,1190,127,22.6,1034.2,962.576
2025-01-16 23:30:00,1259,1150,154,22.5,1034.1,946.350
2025-01-16 23:40:00,1285,1197,135,22.4,1034.0,956.371
2025-01-16 23:50:00,1312,1162,133,22.4,1034.1,962.229
